x		y		e
0.0000000000000000e+00	8.9188745248728371e-02	0.0000000000000000e+00
2.3841857910156250e-01	3.0576744954391735e-02	0.0000000000000000e+00
4.7683715820312500e-01	1.2375626937322753e-02	0.0000000000000000e+00
7.1525573730468750e-01	1.0447221818032012e-02	0.0000000000000000e+00
9.5367431640625000e-01	8.7915307951519604e-03	0.0000000000000000e+00
1.1920928955078125e+00	8.1053226738854300e-03	0.0000000000000000e+00
1.4305114746093750e+00	4.4495912936262805e-03	0.0000000000000000e+00
1.6689300537109375e+00	5.0639625915338974e-03	0.0000000000000000e+00
1.9073486328125000e+00	4.9510535831364709e-03	0.0000000000000000e+00
2.1457672119140625e+00	7.2874282163825285e-03	0.0000000000000000e+00
2.3841857910156250e+00	2.6813938932336834e-03	0.0000000000000000e+00
2.6226043701171875e+00	2.2256313822469182e-03	0.0000000000000000e+00
2.8610229492187500e+00	4.8417262310791230e-03	0.0000000000000000e+00
3.0994415283203125e+00	3.9145122610318864e-03	0.0000000000000000e+00
3.3378601074218750e+00	4.2743474184153219e-03	0.0000000000000000e+00
3.5762786865234375e+00	3.6415549552683067e-03	0.0000000000000000e+00
3.8146972656250000e+00	4.9433928840645460e-03	0.0000000000000000e+00
4.1723251342773438e+00	3.4670128753782154e-03	3.3090045690593971e-05
4.5299530029296875e+00	3.3695285321262390e-03	0.0000000000000000e+00
4.8875808715820312e+00	3.0273088295821506e-03	7.0840806406429976e-04
5.2452087402343750e+00	2.8223567686691486e-03	0.0000000000000000e+00
5.6028366088867188e+00	4.5138386624818342e-03	2.9335873588541908e-04
6.0796737670898438e+00	3.7132913161522785e-03	1.4992460755835222e-04
6.5565109252929688e+00	4.1970159727830851e-03	1.7210429509007697e-03
7.0333480834960938e+00	4.7456053819399423e-03	1.1105720296994215e-03
7.6293945312500000e+00	3.8945671726613473e-03	5.2182465655539875e-04
8.2254409790039062e+00	4.0363955840834048e-03	8.3565646372191668e-05
8.8214874267578125e+00	3.8256532993853052e-03	2.0005136272900344e-04
9.5367431640625000e+00	4.0841453341422000e-03	6.2383265215315228e-04
1.0371208190917969e+01	4.0896093829054063e-03	4.2756170372453331e-04
1.1205673217773438e+01	3.7703017671478285e-03	4.7557934588493458e-04
1.2040138244628906e+01	3.8935364818627081e-03	2.6863183607290662e-04
1.3113021850585938e+01	4.5153831682726671e-03	6.6389362819509082e-04
1.4185905456542969e+01	4.8738100394330837e-03	3.8024535082404226e-04
1.5258789062500000e+01	4.4968871248305623e-03	8.0714326252066912e-04
1.6450881958007812e+01	3.9392669554647675e-03	3.5063975659967622e-04
1.7762184143066406e+01	4.1488033667735468e-03	4.7329951828940255e-04
1.9192695617675781e+01	3.5291901496086616e-03	3.5607287493687114e-04
2.0742416381835938e+01	3.2040032525124467e-03	2.9915170282324583e-04
2.2411346435546875e+01	4.5034991065368646e-03	3.4950496221828025e-04
2.4199485778808594e+01	3.6395781111035050e-03	3.9391146693985781e-04
2.6106834411621094e+01	3.7091735175096246e-03	2.4824374794770967e-04
2.8133392333984375e+01	3.6399309917946854e-03	3.1000289765391342e-04
3.0398368835449219e+01	3.7055876754671841e-03	2.1192339209214796e-04
3.2901763916015625e+01	3.7628263207209298e-03	2.7791153756992487e-04
3.5524368286132812e+01	4.0857577357710775e-03	3.1579070313013391e-04
3.8266181945800781e+01	3.3285774500783540e-03	2.5109425052022408e-04
4.1365623474121094e+01	3.8524560769571873e-03	3.7527011537172875e-04
4.4703483581542969e+01	3.8091273570827399e-03	1.8198691190172392e-04
4.8279762268066406e+01	3.6500240205165953e-03	2.8103761578014870e-04
5.2094459533691406e+01	3.5979536506682060e-03	3.9693573366744912e-04
5.6266784667968750e+01	3.8314088265923819e-03	2.0795615175001194e-04
6.0796737670898438e+01	3.4758812963712896e-03	1.6957588435222574e-04
6.5565109252929688e+01	3.7067023478466756e-03	2.2096224631941699e-04
7.0810317993164062e+01	3.6652901110324899e-03	2.3518689605439512e-04
7.6532363891601562e+01	3.5987908638389519e-03	1.6364056358709772e-04
8.2612037658691406e+01	3.1436706832569752e-03	1.8101289749510965e-04
8.9168548583984375e+01	2.9963902717870185e-03	1.5869037098005612e-04
9.6321105957031250e+01	3.2445509862446434e-03	1.7224368709764222e-04
1.0395050048828125e+02	3.3890733142665922e-03	1.9791523262739245e-04
1.1229515075683594e+02	3.0245655304403031e-03	1.2187718085133360e-04
1.2135505676269531e+02	2.9041217533710114e-03	1.3003045187483735e-04
1.3101100921630859e+02	2.6083395649482261e-03	8.6552464227998267e-05
1.4138221740722656e+02	2.3482375597281770e-03	9.3083475366852560e-05
1.5258789062500000e+02	2.4419318094375119e-03	9.0526539313446028e-05
1.6474723815917969e+02	2.2557175715584251e-03	8.7353630607126957e-05
1.7797946929931641e+02	2.1071036519002160e-03	7.9657295165980755e-05
1.9216537475585938e+02	2.0130049976204030e-03	7.2508036661350772e-05
2.0742416381835938e+02	1.9610184586962660e-03	6.1375924528094938e-05
2.2399425506591797e+02	1.6969517083835390e-03	5.3459641887835369e-05
2.4187564849853516e+02	1.6110287601676654e-03	4.8093651196524948e-05
2.6118755340576172e+02	1.4945185670563624e-03	3.9783339692939605e-05
2.8204917907714844e+02	1.3015446526183846e-03	4.0482625604573079e-05
3.0457973480224609e+02	1.1528445014256940e-03	3.3488547082475644e-05
3.2889842987060547e+02	1.0244145841330247e-03	2.7868310826521654e-05
3.5512447357177734e+02	9.4206362181156061e-04	2.5150754072209315e-05
3.8337707519531250e+02	8.5042873320581851e-04	2.2678945219704816e-05
4.1389465332031250e+02	7.3638919495431197e-04	1.8732093184255884e-05
4.4691562652587891e+02	6.4006802394821942e-04	1.6330456090384333e-05
4.8267841339111328e+02	5.8322487696809582e-04	1.2386459718475118e-05
5.2118301391601562e+02	4.8418360147052189e-04	1.1018290004315789e-05
5.6266784667968750e+02	4.3768442039819426e-04	1.0315644358332896e-05
6.0760974884033203e+02	3.7622359893739677e-04	7.1164022716351168e-06
6.5612792968750000e+02	3.2104511690709880e-04	6.7215966641315077e-06
7.0846080780029297e+02	2.8458724202242412e-04	5.8560677183110073e-06
7.6496601104736328e+02	2.4314622024625867e-04	4.4003785104234153e-06
8.2600116729736328e+02	2.1355601991781151e-04	3.6075581377574970e-06
8.9192390441894531e+02	1.7324996300344581e-04	3.0667585657655119e-06
9.6309185028076172e+02	1.5496510057909840e-04	2.7667550827219019e-06
1.0398626327514648e+03	1.3691777286448738e-04	2.0167801153838388e-06
1.1228322982788086e+03	1.1502629494627712e-04	1.7058251574533682e-06
1.2124776840209961e+03	1.0175456936319731e-04	1.4125402372219893e-06
1.3091564178466797e+03	8.5136376704026594e-05	1.1992018764905660e-06
1.4135837554931641e+03	7.3977347369349593e-05	1.0210175209487846e-06
1.5263557434082031e+03	6.2065621618465547e-05	7.9587883628420938e-07
1.6480684280395508e+03	5.3392776880485954e-05	7.0312370832383913e-07
1.7795562744140625e+03	4.6273244499460007e-05	5.4014478767695643e-07
1.9215345382690430e+03	3.9439990686727701e-05	4.4666899575291321e-07
2.0748376846313477e+03	3.3412327500801351e-05	3.6171541709450165e-07
2.2404193878173828e+03	2.8884571107314702e-05	3.1914254867952039e-07
2.4191141128540039e+03	2.5040327086300133e-05	2.6192711113900845e-07
2.6121139526367188e+03	2.1335219510227596e-05	2.1579947439654426e-07
2.8204917907714844e+03	1.8047393718895836e-05	1.7979138239951189e-07
3.0454397201538086e+03	1.5531099524814016e-05	1.3871585943882517e-07
3.2883882522583008e+03	1.3151945380890623e-05	1.1609637496313217e-07
3.5507678985595703e+03	1.1438400894805779e-05	9.9947995414380268e-08
3.8340091705322266e+03	9.6384603971475535e-06	7.8668866062024416e-08
4.1397809982299805e+03	8.2977413783864572e-06	6.5389394243769469e-08
4.4701099395751953e+03	7.0504731350349369e-06	5.5843033897025368e-08
4.8267841339111328e+03	6.0943267856692919e-06	4.5600274944851283e-08
5.2118301391601562e+03	5.1540235533393124e-06	3.6696137126281588e-08
5.6276321411132812e+03	4.3950079310094354e-06	2.9766360017993305e-08
6.0765743255615234e+03	3.8018930212897767e-06	2.5919565460422530e-08
6.5612792968750000e+03	3.2155969042456488e-06	2.0604795649591591e-08
7.0847272872924805e+03	2.7427749949593876e-06	1.6927707044489790e-08
7.6498985290527344e+03	2.3704916181528614e-06	1.3951128087774356e-08
8.2601308822631836e+03	2.0157305892824524e-06	1.1224268387423527e-08
8.9191198348999023e+03	1.6997621933999797e-06	9.4723842825081381e-09
9.6306800842285156e+03	1.4587696783346094e-06	7.6927096881310814e-09
1.0398983955383301e+04	1.2478285464063676e-06	6.2986715664022663e-09
1.1228442192077637e+04	1.0604559499711659e-06	5.1589538117113292e-09
1.2124180793762207e+04	8.9988093815229361e-07	4.3224740516504473e-09
1.3091444969177246e+04	7.7277059409276270e-07	3.5323757821922404e-09
1.4135718345642090e+04	6.6190515441646855e-07	2.8035157131779290e-09
1.5263438224792480e+04	5.5829617847374174e-07	2.3425793340015153e-09
1.6481161117553711e+04	4.7727449066969683e-07	1.9348920958104121e-09
1.7795920372009277e+04	4.0530274375828878e-07	1.5758817670583207e-09
1.9215583801269531e+04	3.4327670470910379e-07	1.2657732503626274e-09
2.0748496055603027e+04	2.9155156142495165e-07	1.0340831630505526e-09
2.2403717041015625e+04	2.4914551691504246e-07	8.6720445911749236e-10
2.4191021919250488e+04	2.1154678750216227e-07	7.0022267105877039e-10
2.6120781898498535e+04	1.8024828790062022e-07	5.7665240491178608e-10
2.8204560279846191e+04	1.5257880694903672e-07	4.6864332651785830e-10
3.0454635620117188e+04	1.3020257810743961e-07	3.8242730499788147e-10
3.2884120941162109e+04	1.0924853821242286e-07	3.0906152596043014e-10
3.5507440567016602e+04	9.3436021396212592e-08	2.5849337674620184e-10
3.8340091705322266e+04	7.8930618214187578e-08	2.0689352235326242e-10
4.1398644447326660e+04	6.6993147030505892e-08	1.7019003901609948e-10
4.4701218605041504e+04	5.6805111456916595e-08	1.3973825461742843e-10
4.8267364501953125e+04	4.7810168657214210e-08	1.1312177166746528e-10
5.2117824554443359e+04	4.0770911877134384e-08	9.0843851622586251e-11
5.6275486946105957e+04	3.4266891914039282e-08	7.4968952730922422e-11
6.0764908790588379e+04	2.9120890990571648e-08	6.1120599919327377e-11
6.5612435340881348e+04	2.4591314133476407e-08	4.9928670572806008e-11
7.0846676826477051e+04	2.0731046692994199e-08	4.0039684682847641e-11
7.6498508453369141e+04	1.7490142970482204e-08	3.2684180390571660e-11
8.2601189613342285e+04	1.4758248367999016e-08	2.6562059048989623e-11
8.9190721511840820e+04	1.2465260759427825e-08	2.1744598178457440e-11
9.6305966377258301e+04	1.0476424104736805e-08	1.7421829572799179e-11
1.0398876667022705e+05	8.8401666121650610e-09	1.4136522430371435e-11
1.1228442192077637e+05	7.4528001791341836e-09	1.1447064290455442e-11
1.2124192714691162e+05	6.2543359957292116e-09	9.3379446307647884e-12
1.3091409206390381e+05	5.2669643551559709e-09	7.4710957158617556e-12
1.4135777950286865e+05	4.4374475843016396e-09	6.1150238929590852e-12
1.5263462066650391e+05	3.7258363423202613e-09	4.9331391098479208e-12
1.6481113433837891e+05	3.1258733675411771e-09	3.9660909747908686e-12
1.7795896530151367e+05	2.6260791123314996e-09	3.2131731875797970e-12
1.9215559959411621e+05	2.2006443337591314e-09	2.5963878568485227e-12
2.0748484134674072e+05	1.8434444295527104e-09	2.0841175221115729e-12
2.2403705120086670e+05	1.5470106794034410e-09	1.6935793919492609e-12
2.4190962314605713e+05	1.2977588243292716e-09	1.3658867732601057e-12
2.6120793819427490e+05	1.0811065607007305e-09	1.0940932074249366e-12
2.8204584121704102e+05	9.0232995510287649e-10	8.8062535930755641e-13
3.0454611778259277e+05	7.5003842333459451e-10	7.0418824864433655e-13
3.2884132862091064e+05	6.2007796637555362e-10	5.6277742548911343e-13
3.5507464408874512e+05	5.1206081276278126e-10	4.4738660618301880e-13
3.8340079784393311e+05	4.2168489429019474e-10	3.5369395813171058e-13
4.1398668289184570e+05	3.5025934368540954e-10	2.8173243074100290e-13
4.4701254367828369e+05	2.9982547212277290e-10	2.3150033978286800e-13
4.8207950592041016e+05	2.7370166788614216e-10	2.0464217528455411e-13
