x		y		e
4.9999999999999998e-07	3.0372416984515905e-04	3.0372416984515905e-04
1.9999999999999999e-06	1.5734918813677147e-03	0.0000000000000000e+00
3.0000000000000001e-06	2.6113687160426273e-03	0.0000000000000000e+00
3.9999999999999998e-06	3.7051472185232887e-03	0.0000000000000000e+00
4.9999999999999996e-06	4.8330785591936282e-03	0.0000000000000000e+00
6.0000000000000002e-06	5.9853644429522903e-03	0.0000000000000000e+00
6.9999999999999999e-06	7.1562650781100213e-03	0.0000000000000000e+00
7.9999999999999996e-06	8.3418073735456854e-03	0.0000000000000000e+00
9.0000000000000002e-06	9.5389897364845534e-03	0.0000000000000000e+00
9.9999999999999991e-06	1.0745946935261165e-02	0.0000000000000000e+00
1.1000000000000000e-05	1.1960650160945087e-02	0.0000000000000000e+00
1.2000000000000000e-05	1.3182551566121794e-02	0.0000000000000000e+00
1.2999999999999999e-05	1.4409885196269553e-02	0.0000000000000000e+00
1.4000000000000000e-05	1.5642356815925584e-02	0.0000000000000000e+00
1.4999999999999999e-05	1.6878878069053589e-02	0.0000000000000000e+00
1.6500000000000001e-05	1.8741186031614017e-02	6.2194785497492915e-04
1.8000000000000000e-05	2.0610075323622631e-02	0.0000000000000000e+00
1.8999999999999998e-05	2.1859533804536205e-02	0.0000000000000000e+00
2.0499999999999997e-05	2.3738118422245241e-02	6.2689860026930841e-04
2.2499999999999998e-05	2.6249294135868594e-02	6.2862511407499777e-04
2.4499999999999999e-05	2.8766242917312078e-02	6.2974741048958140e-04
2.6500000000000000e-05	3.1287831376009954e-02	6.3098987531326988e-04
2.8500000000000002e-05	3.3813502789078249e-02	6.3179401319148727e-04
3.0499999999999999e-05	3.6341690534986780e-02	6.3222482963664120e-04
3.2999999999999996e-05	3.9503626787572320e-02	7.3034148106538275e-04
3.5499999999999996e-05	4.2666840951562077e-02	6.3258243021461179e-04
3.7999999999999995e-05	4.5830863619445862e-02	7.3071593812857596e-04
4.0999999999999994e-05	4.9626917210591891e-02	7.3035886598864523e-04
4.4500000000000004e-05	5.4052097297602957e-02	8.1565870350008168e-04
4.8500000000000000e-05	5.9103739300356978e-02	8.1483622448908540e-04
5.2500000000000002e-05	6.4148686251920245e-02	8.1337364582108210e-04
5.6499999999999998e-05	6.9182999585399432e-02	8.1146487071953979e-04
6.0999999999999999e-05	7.4832831132645578e-02	8.8666652785774854e-04
6.6000000000000005e-05	8.1092922467795633e-02	8.8389512107859907e-04
7.0999999999999991e-05	8.7333671707135616e-02	8.8125004320997833e-04
7.6500000000000003e-05	9.4174189121402060e-02	9.4803112248864304e-04
8.2500000000000000e-05	1.0160619003210736e-01	9.4418985921383540e-04
8.8999999999999995e-05	1.0962435993604477e-01	1.0048412666903513e-03
9.5999999999999989e-05	1.1821679068153658e-01	9.9966093843260558e-04
1.0349999999999999e-04	1.2737234568777950e-01	1.0540624032027599e-03
1.1199999999999997e-04	1.3768233724173173e-01	1.1039140044189634e-03
1.2099999999999999e-04	1.4853444778360891e-01	1.0974969854776299e-03
1.3050000000000000e-04	1.5991303439821841e-01	1.1425305472497424e-03
1.4100000000000001e-04	1.7238969434396456e-01	1.1824418138841480e-03
1.5249999999999999e-04	1.8590364179126409e-01	1.2161447627273287e-03
1.6500000000000003e-04	2.0041544365070710e-01	1.2459900735696165e-03
1.7800000000000002e-04	2.1530292154042677e-01	1.2280814273927861e-03
1.9200000000000000e-04	2.3109986852387834e-01	1.2931817323414265e-03
2.0750000000000000e-04	2.4830957031908368e-01	1.3101721738438593e-03
2.2400000000000000e-04	2.6628857935196321e-01	1.3216648843017433e-03
2.4200000000000003e-04	2.8554202224147679e-01	1.3692833431483763e-03
2.6150000000000001e-04	3.0601074830661651e-01	1.3741076679646867e-03
2.8200000000000002e-04	3.2709611882868384e-01	1.3793746372047120e-03
3.0450000000000003e-04	3.4976114017563220e-01	1.4386128116074060e-03
3.2899999999999992e-04	3.7388881565416893e-01	1.4323216394757799e-03
3.5500000000000001e-04	3.9885314103987068e-01	1.4473841460564663e-03
3.8350000000000000e-04	4.2542014673470541e-01	1.4751431188590308e-03
4.1399999999999998e-04	4.5294881501091283e-01	1.4493734494177735e-03
4.4699999999999997e-04	4.8171972965952869e-01	1.4836704033563553e-03
4.8299999999999992e-04	5.1190663890221733e-01	1.4619568763710716e-03
5.2150000000000005e-04	5.4286609916266981e-01	1.4566187700992860e-03
5.6300000000000002e-04	5.7489305054291551e-01	1.4476077091510411e-03
6.0749999999999997e-04	6.0776199231314632e-01	1.4278481773578487e-03
6.5600000000000001e-04	6.4180302035240888e-01	1.4225621593873558e-03
7.0849999999999982e-04	6.7651644285883306e-01	1.3699686445020039e-03
7.6500000000000005e-04	7.1145000469410313e-01	1.3373390558929792e-03
8.2599999999999969e-04	7.4683575233095811e-01	1.2989822409397583e-03
8.9200000000000011e-04	7.8245521531739459e-01	1.2525575648215054e-03
9.6299999999999966e-04	8.1792443139431903e-01	1.1946797947433732e-03
1.0394999999999998e-03	8.5318718392297688e-01	1.1454112473409019e-03
1.1225000000000000e-03	8.8795322711747382e-01	1.0753381152219014e-03
1.2120000000000000e-03	9.2218913907568578e-01	1.0261152624776626e-03
1.3090000000000003e-03	9.5597078887333897e-01	9.6123401329308294e-04
1.4134999999999998e-03	9.8832646909302979e-01	8.8077108603610600e-04
1.5259999999999998e-03	1.0195524515747989e+00	8.2414643507855705e-04
1.6480000000000006e-03	1.0497563346434806e+00	7.6722002164373649e-04
1.7795000000000005e-03	1.0787661800203896e+00	6.9780609888536141e-04
1.9215000000000002e-03	1.1061255020829968e+00	6.3064764929066802e-04
2.0749999999999996e-03	1.1314540804593254e+00	5.5906166566847403e-04
2.2404999999999999e-03	1.1544852646706185e+00	4.8470579842504211e-04
2.4190000000000001e-03	1.1750366888130792e+00	4.0030268769571326e-04
2.6119999999999997e-03	1.1929868413282472e+00	3.5017112964936924e-04
2.8204999999999997e-03	1.2091074871556999e+00	2.9195023332592468e-04
3.0455000000000000e-03	1.2229626163355289e+00	2.4144335573745437e-04
3.2885000000000002e-03	1.2351554004952758e+00	2.1986503344489380e-04
3.5504999999999998e-03	1.2472542423107433e+00	2.0069838013583161e-04
3.8339999999999997e-03	1.2577297643266321e+00	1.6348330931540539e-04
4.1399999999999996e-03	1.2678849799805403e+00	1.6219958255356555e-04
4.4700000000000000e-03	1.2776232650801549e+00	1.5721163904785146e-04
4.8205000000000019e-03	1.2880752839945968e+00	1.5476405975694445e-04
