x		y		e
4.9999999999999998e-07	6.6565846416808414e+08	3.4948185923252368e+08
1.9999999999999999e-06	7.4051789674306542e+07	0.0000000000000000e+00
3.0000000000000001e-06	4.6728263626237728e+07	0.0000000000000000e+00
3.9999999999999998e-06	2.9842892672580749e+07	0.0000000000000000e+00
4.9999999999999996e-06	2.1130397882273667e+07	0.0000000000000000e+00
6.0000000000000002e-06	1.6189501589372423e+07	0.0000000000000000e+00
6.9999999999999999e-06	1.2763490292825447e+07	0.0000000000000000e+00
7.9999999999999996e-06	1.0283591180844212e+07	0.0000000000000000e+00
9.0000000000000002e-06	8.6351597573829107e+06	0.0000000000000000e+00
9.9999999999999991e-06	6.9762154499320788e+06	0.0000000000000000e+00
1.1000000000000000e-05	6.1389045972224632e+06	0.0000000000000000e+00
1.2000000000000000e-05	4.9450033490575505e+06	0.0000000000000000e+00
1.2999999999999999e-05	4.5720465936306063e+06	0.0000000000000000e+00
1.4000000000000000e-05	3.8174864648263394e+06	0.0000000000000000e+00
1.4999999999999999e-05	3.2545400436238539e+06	0.0000000000000000e+00
1.6500000000000001e-05	2.7905087609637054e+06	6.4196103153864424e+04
1.8000000000000000e-05	2.3059796461635856e+06	0.0000000000000000e+00
1.8999999999999998e-05	2.0119794226799291e+06	0.0000000000000000e+00
2.0499999999999997e-05	1.8947189760564712e+06	8.7824838354330917e+04
2.2499999999999998e-05	1.7036138369457209e+06	2.8141762630409081e+04
2.4499999999999999e-05	1.1086779487939880e+06	1.8653413733282960e+04
2.6500000000000000e-05	8.3090756211634330e+05	2.3640414698523462e+04
2.8500000000000002e-05	7.1767276988680195e+05	9.7359228784757768e+04
3.0499999999999999e-05	3.4185335731132678e+05	1.7167002159222957e+01
3.2999999999999996e-05	1.7233716896308702e+05	1.3406638944747526e+05
3.5499999999999996e-05	1.6497623847585206e+05	2.8635379962253611e+05
3.7999999999999995e-05	4.6071403224063542e+04	9.1406930011314616e+04
4.0999999999999994e-05	-2.7775533371303469e+05	6.6089585530525117e+04
4.4500000000000004e-05	-2.7430774525496981e+05	1.3400994058970292e+05
4.8500000000000000e-05	-2.3565017913584789e+05	1.6734282183213005e+05
5.2500000000000002e-05	-5.4733203780158318e+05	5.9489967071887113e+04
5.6499999999999998e-05	-5.8313663385357941e+05	6.3884090230740512e+04
6.0999999999999999e-05	-3.2075549412660906e+05	4.6398545973240623e+04
6.6000000000000005e-05	-5.1878292678472551e+05	4.0508834179992155e+04
7.0999999999999991e-05	-6.2171634653065563e+05	9.6275862687497123e+04
7.6500000000000003e-05	-6.8411273357378040e+05	2.0830395736935105e+04
8.2500000000000000e-05	-7.5707967186397174e+05	5.5560572053367010e+04
8.8999999999999995e-05	-8.9491249007115152e+05	5.8162600956609400e+04
9.5999999999999989e-05	-9.6346598691752204e+05	6.9167933668523940e+04
1.0349999999999999e-04	-9.1500962424174696e+05	5.2944073623415490e+04
1.1199999999999997e-04	-7.9801632868030842e+05	6.1760980252403766e+04
1.2099999999999999e-04	-8.1373031970280758e+05	4.4219413818539375e+04
1.3050000000000000e-04	-1.0087403153216026e+06	5.4861733268646232e+04
1.4100000000000001e-04	-9.5258796338898945e+05	3.5216015176428889e+04
1.5249999999999999e-04	-9.4054888214331970e+05	6.1646682102730498e+04
1.6500000000000003e-04	-8.7635261758415273e+05	5.5110824045753798e+04
1.7800000000000002e-04	-9.4889774969703320e+05	3.8225270778871694e+04
1.9200000000000000e-04	-8.6350859321546310e+05	5.5134173535159731e+04
2.0750000000000000e-04	-8.1694731074831553e+05	6.3189972791694861e+04
2.2400000000000000e-04	-8.9683573471287056e+05	2.9353535730800661e+04
2.4200000000000003e-04	-9.7930133254955569e+05	4.8779930042290471e+04
2.6150000000000001e-04	-9.1821186959663290e+05	3.4293436758682321e+04
2.8200000000000002e-04	-8.0690384185210825e+05	3.7812822926798930e+04
3.0450000000000003e-04	-8.7095382246145839e+05	2.9542660861655037e+04
3.2899999999999992e-04	-8.6800883061596926e+05	3.2578846150634992e+04
3.5500000000000001e-04	-7.8137066676360054e+05	3.4449018685273317e+04
3.8350000000000000e-04	-7.9202762523048313e+05	2.7609287644482702e+04
4.1399999999999998e-04	-7.8861637460137985e+05	2.9773999972135807e+04
4.4699999999999997e-04	-7.8916633548830322e+05	3.0964238427285181e+04
4.8299999999999992e-04	-6.7311230645223195e+05	2.9452915374800989e+04
5.2150000000000005e-04	-7.6075834117497632e+05	2.8120102702761258e+04
5.6300000000000002e-04	-7.5600863792594906e+05	2.2470478262712062e+04
6.0749999999999997e-04	-6.3613231277358439e+05	2.6360998688648386e+04
6.5600000000000001e-04	-5.8269670721786353e+05	2.5804297539911448e+04
7.0849999999999982e-04	-5.5828375155668508e+05	2.1437909777394634e+04
7.6500000000000005e-04	-6.3662073036452057e+05	1.9355785360414302e+04
8.2599999999999969e-04	-4.9308070700305712e+05	2.1899373670438741e+04
8.9200000000000011e-04	-4.6497034121879580e+05	2.1326671139772330e+04
9.6299999999999966e-04	-4.6099251754811010e+05	1.8830594380656548e+04
1.0394999999999998e-03	-4.6803707249816955e+05	1.8609533026839494e+04
1.1225000000000000e-03	-3.8341853970817267e+05	1.5663041296091333e+04
1.2120000000000000e-03	-3.8133421633974341e+05	1.6872017723982044e+04
1.3090000000000003e-03	-3.6936949721015460e+05	1.6822803094275579e+04
1.4134999999999998e-03	-3.1421517575279513e+05	1.7003776983754353e+04
1.5259999999999998e-03	-2.3922159172165536e+05	1.6016108456053478e+04
1.6480000000000006e-03	-2.2866886874966259e+05	1.6562220379375773e+04
1.7795000000000005e-03	-2.3144429335049979e+05	1.4645497293963630e+04
1.9215000000000002e-03	-2.0336095142110504e+05	1.2503094089623572e+04
2.0749999999999996e-03	-1.4638265253184384e+05	1.2619495950973049e+04
2.2404999999999999e-03	-7.4434730684803828e+04	1.0516342902061899e+04
2.4190000000000001e-03	-1.1344147246079310e+05	1.1444501424280706e+04
2.6119999999999997e-03	-8.5646425879725881e+04	1.0952583231713603e+04
2.8204999999999997e-03	-4.2430197111868911e+04	1.1240664156790261e+04
3.0455000000000000e-03	-5.6331225011659677e+04	9.7979552095625259e+03
3.2885000000000002e-03	-1.6474412154203295e+04	1.0404312168663120e+04
3.5504999999999998e-03	-3.8435222074376594e+04	9.7304876420344553e+03
3.8339999999999997e-03	-3.5983424925688058e+04	8.5198712333497078e+03
4.1399999999999996e-03	1.4747528298853427e+04	8.4085720521702824e+03
4.4700000000000000e-03	-2.7387203643048295e+04	8.9355491526959140e+03
4.8205000000000019e-03	2.3426810462572880e+03	7.9753309089071281e+03
