x		y		e
4.9999999999999998e-07	7.2741830509631097e+08	3.8416245701667529e+08
1.9999999999999999e-06	8.2498070131693527e+07	0.0000000000000000e+00
3.0000000000000001e-06	5.0911083782903425e+07	0.0000000000000000e+00
3.9999999999999998e-06	3.2488364495446611e+07	0.0000000000000000e+00
4.9999999999999996e-06	2.3304498057685208e+07	0.0000000000000000e+00
6.0000000000000002e-06	1.7698175459881965e+07	0.0000000000000000e+00
6.9999999999999999e-06	1.3953613077923052e+07	0.0000000000000000e+00
7.9999999999999996e-06	1.1190337727308551e+07	0.0000000000000000e+00
9.0000000000000002e-06	9.1776374706737734e+06	0.0000000000000000e+00
9.9999999999999991e-06	7.4351832248388296e+06	0.0000000000000000e+00
1.1000000000000000e-05	6.5540744062430970e+06	0.0000000000000000e+00
1.2000000000000000e-05	5.2216338248517942e+06	0.0000000000000000e+00
1.2999999999999999e-05	4.9068946060373699e+06	0.0000000000000000e+00
1.4000000000000000e-05	3.9513594873616463e+06	0.0000000000000000e+00
1.4999999999999999e-05	3.6822235325275306e+06	0.0000000000000000e+00
1.6500000000000001e-05	2.8801892244776073e+06	3.3264812519589195e+05
1.8000000000000000e-05	2.4562658913994390e+06	0.0000000000000000e+00
1.8999999999999998e-05	2.0656579585441435e+06	0.0000000000000000e+00
2.0499999999999997e-05	1.6198639651179900e+06	1.4316349042174069e+05
2.2499999999999998e-05	9.9702738346866099e+05	1.6102892674180106e+05
2.4499999999999999e-05	7.1744431012194243e+05	1.1199242307179864e+05
2.6500000000000000e-05	5.2125553841432708e+05	1.5896096334309477e+04
2.8500000000000002e-05	6.2221945253846236e+05	9.2269469980312308e+04
3.0499999999999999e-05	3.9854527288485790e+05	1.0000640287854112e+05
3.2999999999999996e-05	1.2457013972230988e+05	1.3352010665076374e+05
3.5499999999999996e-05	-9.4551154942153546e+04	3.3879495625100652e+05
3.7999999999999995e-05	-2.1713464856334231e+05	1.1638241677668667e+05
4.0999999999999994e-05	-1.5928917388108108e+05	3.5587406088474680e+04
4.4500000000000004e-05	-2.9794171997953311e+05	1.1211038763971018e+05
4.8500000000000000e-05	-5.5791993609520234e+05	8.6875472102415646e+04
5.2500000000000002e-05	-7.9579355105205381e+05	6.1811162204918641e+04
5.6499999999999998e-05	-7.5602939492175321e+05	2.4020615005673211e+04
6.0999999999999999e-05	-5.9517065946987178e+05	5.0309979612910844e+04
6.6000000000000005e-05	-6.9965122047876928e+05	5.3456876866587503e+04
7.0999999999999991e-05	-9.2781076252406766e+05	3.5431451874843922e+04
7.6500000000000003e-05	-8.2750273786237242e+05	3.9020340240933481e+04
8.2500000000000000e-05	-9.7182721839296387e+05	5.9801163861285604e+04
8.8999999999999995e-05	-9.5115355438171525e+05	6.6906012244655372e+04
9.5999999999999989e-05	-1.0600716784529665e+06	4.4924338744365392e+04
1.0349999999999999e-04	-1.2065677167897446e+06	8.3144642051359740e+04
1.1199999999999997e-04	-1.0900541675657565e+06	4.7469329499966196e+04
1.2099999999999999e-04	-1.0520232107278171e+06	7.4148533479168211e+04
1.3050000000000000e-04	-9.9273985228874814e+05	4.3351644919284779e+04
1.4100000000000001e-04	-1.0284442187428861e+06	6.2708876112074744e+04
1.5249999999999999e-04	-1.0081334468722480e+06	6.8417910613973290e+04
1.6500000000000003e-04	-1.2129260930014094e+06	7.0179762789270128e+04
1.7800000000000002e-04	-1.1465257384146003e+06	3.8097508458420751e+04
1.9200000000000000e-04	-1.1139797210266565e+06	4.8814302385933239e+04
2.0750000000000000e-04	-1.0775884597849858e+06	5.6959088518480414e+04
2.2400000000000000e-04	-1.0288935538660527e+06	3.8309293742337177e+04
2.4200000000000003e-04	-1.0793278542248316e+06	4.8305768154684665e+04
2.6150000000000001e-04	-1.1294536207709420e+06	3.1626025598743454e+04
2.8200000000000002e-04	-9.9133627822971367e+05	4.2328328753422553e+04
3.0450000000000003e-04	-1.2213281826150354e+06	3.1414847977397036e+04
3.2899999999999992e-04	-1.0277111306977532e+06	3.3254972999208636e+04
3.5500000000000001e-04	-1.1292560435754247e+06	3.1998378383942530e+04
3.8350000000000000e-04	-1.0647839796356657e+06	3.8572104077127435e+04
4.1399999999999998e-04	-9.5195607792748394e+05	3.3711222661193060e+04
4.4699999999999997e-04	-8.3214418215472531e+05	2.9272249052432078e+04
4.8299999999999992e-04	-8.9453633145754633e+05	3.3549317692994286e+04
5.2150000000000005e-04	-7.8881406931147410e+05	2.6418746699309297e+04
5.6300000000000002e-04	-8.7139501311530813e+05	2.7707235139951281e+04
6.0749999999999997e-04	-7.6028370354486466e+05	2.4585162221660430e+04
6.5600000000000001e-04	-7.4542400257490017e+05	3.2446666441548867e+04
7.0849999999999982e-04	-6.6764227921133547e+05	1.9384874493399493e+04
7.6500000000000005e-04	-6.0643986321788409e+05	2.3469707230472115e+04
8.2599999999999969e-04	-6.1772122935929615e+05	2.3055490215365418e+04
8.9200000000000011e-04	-6.0399025825670606e+05	1.9608501887047358e+04
9.6299999999999966e-04	-5.2581169249344605e+05	1.9177023515574299e+04
1.0394999999999998e-03	-4.6149756532638904e+05	1.6195874369913565e+04
1.1225000000000000e-03	-3.1074870773378620e+05	1.8316576692171537e+04
1.2120000000000000e-03	-3.6758952003532625e+05	1.8627612526340828e+04
1.3090000000000003e-03	-3.3787509002169460e+05	1.8395552566499238e+04
1.4134999999999998e-03	-1.9591139285869405e+05	1.6875816353248465e+04
1.5259999999999998e-03	-2.6888492461429845e+05	1.8048908671864090e+04
1.6480000000000006e-03	-2.8248505366082047e+05	1.4894589669110119e+04
1.7795000000000005e-03	-1.7791044471957142e+05	1.4957529865281005e+04
1.9215000000000002e-03	-1.7772708100936213e+05	1.3767958904076439e+04
2.0749999999999996e-03	-8.6668464433718749e+04	1.2133082524126599e+04
2.2404999999999999e-03	-1.3904335412553421e+05	1.1741510147091818e+04
2.4190000000000001e-03	-1.5112235324952457e+05	1.1019281218034501e+04
2.6119999999999997e-03	-2.1471342157828440e+04	1.2406327316216657e+04
2.8204999999999997e-03	-6.4711918613213282e+04	1.0714690414610403e+04
3.0455000000000000e-03	-3.3433417003985756e+04	1.1562893878097682e+04
3.2885000000000002e-03	-6.1482770594224923e+04	1.1023461898851525e+04
3.5504999999999998e-03	-2.1455203882745409e+03	1.0848833296804532e+04
3.8339999999999997e-03	-6.9217440617128923e+03	1.0583435628922252e+04
4.1399999999999996e-03	-1.3090464181837986e+04	1.0358061668395039e+04
4.4700000000000000e-03	2.0390942814678372e+03	8.6301809750330140e+03
4.8205000000000019e-03	-1.7310552989279746e+04	9.3086947745319449e+03
