x		y		e
0.0000000000000000e+00	1.8832439132448659e+01	0.0000000000000000e+00
2.3841857910156250e-01	9.1411870085014377e-03	0.0000000000000000e+00
4.7683715820312500e-01	8.3045686017463212e-03	0.0000000000000000e+00
7.1525573730468750e-01	4.3837308954420102e-03	0.0000000000000000e+00
9.5367431640625000e-01	6.6414610360931775e-03	0.0000000000000000e+00
1.1920928955078125e+00	4.9656907785374967e-03	0.0000000000000000e+00
1.4305114746093750e+00	2.3659683359295437e-03	0.0000000000000000e+00
1.6689300537109375e+00	3.6402652947983912e-03	0.0000000000000000e+00
1.9073486328125000e+00	5.3724514640562911e-03	0.0000000000000000e+00
2.1457672119140625e+00	3.7219484373683634e-03	0.0000000000000000e+00
2.3841857910156250e+00	4.3295315820233134e-03	0.0000000000000000e+00
2.6226043701171875e+00	8.8193247571839162e-03	0.0000000000000000e+00
2.8610229492187500e+00	2.5573319187597748e-03	0.0000000000000000e+00
3.0994415283203125e+00	9.5764489714532126e-03	0.0000000000000000e+00
3.3378601074218750e+00	4.4434854610619738e-03	0.0000000000000000e+00
3.5762786865234375e+00	4.5529902223959287e-03	0.0000000000000000e+00
3.8146972656250000e+00	6.3815225937678098e-03	0.0000000000000000e+00
4.1723251342773438e+00	3.0070489148247091e-03	2.9870140770242218e-05
4.5299530029296875e+00	4.4489326331773804e-03	0.0000000000000000e+00
4.8875808715820312e+00	4.4903893071628308e-03	6.9778879199446466e-04
5.2452087402343750e+00	4.4873896370687541e-03	0.0000000000000000e+00
5.6028366088867188e+00	4.1268304787769458e-03	2.9717391465599718e-04
6.0796737670898438e+00	5.6936038304259157e-03	9.6597996530118973e-04
6.5565109252929688e+00	6.4571106351706854e-03	6.3980210616143432e-04
7.0333480834960938e+00	4.8386584128784441e-03	1.7054409104679379e-03
7.6293945312500000e+00	4.5496025210995271e-03	7.5294121038223184e-04
8.2254409790039062e+00	4.5834371598764126e-03	8.5675140954248911e-04
8.8214874267578125e+00	4.9851955882964901e-03	5.5587259444242823e-04
9.5367431640625000e+00	4.1160865809631974e-03	5.1516488014690049e-04
1.0371208190917969e+01	4.7108193483777587e-03	1.8599532135022570e-04
1.1205673217773438e+01	4.3405599249224840e-03	8.9186351176996029e-04
1.2040138244628906e+01	5.8272404464858622e-03	1.1888135403785437e-03
1.3113021850585938e+01	4.4235762758635822e-03	5.0370058485648458e-04
1.4185905456542969e+01	4.2797613602472981e-03	5.9661397351763680e-04
1.5258789062500000e+01	3.2053677768188946e-03	3.4399068920326414e-04
1.6450881958007812e+01	4.6725770827780091e-03	4.6571290819450649e-04
1.7762184143066406e+01	3.0670938721965115e-03	5.6589629801907120e-04
1.9192695617675781e+01	4.3569147698072673e-03	4.0075407500827728e-04
2.0742416381835938e+01	4.0794207589870887e-03	5.3278149814200352e-04
2.2411346435546875e+01	3.4083706839989655e-03	4.5706656754002193e-04
2.4199485778808594e+01	3.2780161193917646e-03	3.3845631688937645e-04
2.6106834411621094e+01	3.0518602213304761e-03	3.8643170780395137e-04
2.8133392333984375e+01	3.2865412424417191e-03	3.6042355490504576e-04
3.0398368835449219e+01	3.2528038533018431e-03	4.5553953739949635e-04
3.2901763916015625e+01	2.6383284812423070e-03	2.7724549082435053e-04
3.5524368286132812e+01	3.1655637976130704e-03	3.7554465645790177e-04
3.8266181945800781e+01	2.8544513806804243e-03	2.8041025341629823e-04
4.1365623474121094e+01	2.9477103544004826e-03	1.9203472345148941e-04
4.4703483581542969e+01	2.8098760606058855e-03	2.2366461087797697e-04
4.8279762268066406e+01	2.6573278596593612e-03	2.2537723741393838e-04
5.2094459533691406e+01	2.9574590235547293e-03	2.2544451873538287e-04
5.6266784667968750e+01	2.3893475634691598e-03	1.4850187543954528e-04
6.0796737670898438e+01	2.1574446663596165e-03	8.6948093718857295e-05
6.5565109252929688e+01	2.3438916328362490e-03	1.4727426680801110e-04
7.0810317993164062e+01	2.0421485101801097e-03	1.5821343079046920e-04
7.6532363891601562e+01	2.0535316366031768e-03	1.1514634675797867e-04
8.2612037658691406e+01	1.9411708472984700e-03	1.2221104936064144e-04
8.9168548583984375e+01	1.8759516718796505e-03	1.0135035751322329e-04
9.6321105957031250e+01	1.8953903706792456e-03	1.0719564517653251e-04
1.0395050048828125e+02	1.8359902696420286e-03	7.6945509610980520e-05
1.1229515075683594e+02	1.6865324351758540e-03	9.7286432389542441e-05
1.2135505676269531e+02	1.7565378086944407e-03	7.6602720172748689e-05
1.3101100921630859e+02	1.5885291586984819e-03	6.1740927134500861e-05
1.4138221740722656e+02	1.5015014803149568e-03	5.6835507581292136e-05
1.5258789062500000e+02	1.5043128627558690e-03	6.2944023247643867e-05
1.6474723815917969e+02	1.3044878379700497e-03	5.0943716773881253e-05
1.7797946929931641e+02	1.1954629567941934e-03	4.6305149372422307e-05
1.9216537475585938e+02	1.1285315438178765e-03	3.9434259523645232e-05
2.0742416381835938e+02	9.8237701534017704e-04	3.6861027928723412e-05
2.2399425506591797e+02	8.8256757712734440e-04	2.8044258251660011e-05
2.4187564849853516e+02	8.1690478254415938e-04	2.9895973840080317e-05
2.6118755340576172e+02	7.5905018831395508e-04	2.3940453192621666e-05
2.8204917907714844e+02	6.8008264710006866e-04	1.8959683932410952e-05
3.0457973480224609e+02	5.8423612933591320e-04	1.6440526575576774e-05
3.2889842987060547e+02	5.0005732610100811e-04	1.3497937562775263e-05
3.5512447357177734e+02	4.4426431898016849e-04	1.1203290592861148e-05
3.8337707519531250e+02	4.0744742813853045e-04	9.6540039959397039e-06
4.1389465332031250e+02	3.4588269336310233e-04	7.9124060314604355e-06
4.4691562652587891e+02	3.1516135397389902e-04	7.3940154916071670e-06
4.8267841339111328e+02	2.6774691519623354e-04	5.4995979225642914e-06
5.2118301391601562e+02	2.3729747602427580e-04	5.5632917298845867e-06
5.6266784667968750e+02	2.0659315131427023e-04	4.7956815594482831e-06
6.0760974884033203e+02	1.8352385328396874e-04	3.7566533252546494e-06
6.5612792968750000e+02	1.5748745970171717e-04	2.8969481639827815e-06
7.0846080780029297e+02	1.3311699926410225e-04	2.5456152976772902e-06
7.6496601104736328e+02	1.1205021494374026e-04	1.9368323373776862e-06
8.2600116729736328e+02	9.9755039743266671e-05	1.7512026641581326e-06
8.9192390441894531e+02	8.3886699457655427e-05	1.5524041417125928e-06
9.6309185028076172e+02	7.3464427353004167e-05	1.1894851442238281e-06
1.0398626327514648e+03	6.3750086757211893e-05	1.0096856364749397e-06
1.1228322982788086e+03	5.5419608936690493e-05	8.1607345784369529e-07
1.2124776840209961e+03	4.5534504006132959e-05	6.6184883694321415e-07
1.3091564178466797e+03	4.0073263972233165e-05	5.8577372697126806e-07
1.4135837554931641e+03	3.4197926328520940e-05	4.5210787328237988e-07
1.5263557434082031e+03	2.9080197350898030e-05	3.8581894098362211e-07
1.6480684280395508e+03	2.4638872221414028e-05	3.0390308384870576e-07
1.7795562744140625e+03	2.1870682641958588e-05	2.6181105480575131e-07
1.9215345382690430e+03	1.8418972060379142e-05	2.1597522686438317e-07
2.0748376846313477e+03	1.5597790142100518e-05	1.7919696433503487e-07
2.2404193878173828e+03	1.3576938462243549e-05	1.4601719904974419e-07
2.4191141128540039e+03	1.1696856022264076e-05	1.2297075260805964e-07
2.6121139526367188e+03	9.9509330533686815e-06	1.0104849537289607e-07
2.8204917907714844e+03	8.4560287625832779e-06	8.2024425236773568e-08
3.0454397201538086e+03	7.2801006255153162e-06	6.7220671455230553e-08
3.2883882522583008e+03	6.2160932290840481e-06	5.5865737796041310e-08
3.5507678985595703e+03	5.3415795332212958e-06	4.6239240411826895e-08
3.8340091705322266e+03	4.5287931165710821e-06	3.7077564547677742e-08
4.1397809982299805e+03	3.8668080986132166e-06	3.0748273761671385e-08
4.4701099395751953e+03	3.3253029767684846e-06	2.4151722826466489e-08
4.8267841339111328e+03	2.8493404479116135e-06	2.1680738268275197e-08
5.2118301391601562e+03	2.4242341400816728e-06	1.8294131067636762e-08
5.6276321411132812e+03	2.0871958582249530e-06	1.4042791587746243e-08
6.0765743255615234e+03	1.7773260556679658e-06	1.1726058497065743e-08
6.5612792968750000e+03	1.5042719491491106e-06	9.7962252369396324e-09
7.0847272872924805e+03	1.2818324226250547e-06	7.8212435606272741e-09
7.6498985290527344e+03	1.0995416074368488e-06	6.4540306164244024e-09
8.2601308822631836e+03	9.5215957478262071e-07	5.2507295707096983e-09
8.9191198348999023e+03	7.9803250686750075e-07	4.4603177565484947e-09
9.6306800842285156e+03	6.7946986705904855e-07	3.5240608843121175e-09
1.0398983955383301e+04	5.8298772550945274e-07	2.9527337245784608e-09
1.1228442192077637e+04	4.9407172740953725e-07	2.4598404604190762e-09
1.2124180793762207e+04	4.2587824183254426e-07	2.0198220644453632e-09
1.3091444969177246e+04	3.6211269448687161e-07	1.6229093230350028e-09
1.4135718345642090e+04	3.0694305868800764e-07	1.3220070991111584e-09
1.5263438224792480e+04	2.5957606334177828e-07	1.0529625685264962e-09
1.6481161117553711e+04	2.2215363288725529e-07	8.7776989380316313e-10
1.7795920372009277e+04	1.8926909709718071e-07	7.1820697285914213e-10
1.9215583801269531e+04	1.6186648798085187e-07	6.0317848507769785e-10
2.0748496055603027e+04	1.3789195171889799e-07	4.9056300696153739e-10
2.2403717041015625e+04	1.1629966571716483e-07	4.0032000054672923e-10
2.4191021919250488e+04	9.9112171806841915e-08	3.2573626486503583e-10
2.6120781898498535e+04	8.4434109301453148e-08	2.6723247599036223e-10
2.8204560279846191e+04	7.1091139701734185e-08	2.1971640615649647e-10
3.0454635620117188e+04	6.0701757568760550e-08	1.7888751425728069e-10
3.2884120941162109e+04	5.1351312225081146e-08	1.4724232764091562e-10
3.5507440567016602e+04	4.3586158659233648e-08	1.1947853170894248e-10
3.8340091705322266e+04	3.7031300790892344e-08	9.6450439533081937e-11
4.1398644447326660e+04	3.1225516562888204e-08	8.0097010471182284e-11
4.4701218605041504e+04	2.6533439979253117e-08	6.4512351893539379e-11
4.8267364501953125e+04	2.2531369884872338e-08	5.2639900747823689e-11
5.2117824554443359e+04	1.9058277687525897e-08	4.2665071962274533e-11
5.6275486946105957e+04	1.6037762461096372e-08	3.4819315675243361e-11
6.0764908790588379e+04	1.3588756334361576e-08	2.8461656054830143e-11
6.5612435340881348e+04	1.1497051392978904e-08	2.3189376083296830e-11
7.0846676826477051e+04	9.6762167737494528e-09	1.8814778362856191e-11
7.6498508453369141e+04	8.1505817682818822e-09	1.5156069892696963e-11
8.2601189613342285e+04	6.8662407487800632e-09	1.2319227705956802e-11
8.9190721511840820e+04	5.8088518213275733e-09	1.0053602783582692e-11
9.6305966377258301e+04	4.8838061022798168e-09	8.1205408669447744e-12
1.0398876667022705e+05	4.1110922052781129e-09	6.6142932315648651e-12
1.1228442192077637e+05	3.4547228270064903e-09	5.3214295188262806e-12
1.2124192714691162e+05	2.9032647018679360e-09	4.3373238704938102e-12
1.3091409206390381e+05	2.4375951691989444e-09	3.4845353879357777e-12
1.4135777950286865e+05	2.0443275694180787e-09	2.8076467217939289e-12
1.5263462066650391e+05	1.7161222396563889e-09	2.2685226531067850e-12
1.6481113433837891e+05	1.4380475993640572e-09	1.8291567127521127e-12
1.7795896530151367e+05	1.2019332145499517e-09	1.4775208838649007e-12
1.9215559959411621e+05	1.0061714558921582e-09	1.1909409383616129e-12
2.0748484134674072e+05	8.4248277180432556e-10	9.5275534802957542e-13
2.2403705120086670e+05	7.0320420564783692e-10	7.6673525414559477e-13
2.4190962314605713e+05	5.8668660089861223e-10	6.1779301817390623e-13
2.6120793819427490e+05	4.9014193458073892e-10	4.9553437329223232e-13
2.8204584121704102e+05	4.0905611258056789e-10	4.0181312224303041e-13
3.0454611778259277e+05	3.4170838472478790e-10	3.2014453553689390e-13
3.2884132862091064e+05	2.8611247435446827e-10	2.6374960767021084e-13
3.5507464408874512e+05	2.3987164373968322e-10	2.0844295527442807e-13
3.8340079784393311e+05	2.0265769924226049e-10	1.6940483245112507e-13
4.1398668289184570e+05	1.7383336760910612e-10	1.3879627093435071e-13
4.4701254367828369e+05	1.5482525383987617e-10	1.1877184791434079e-13
4.8207950592041016e+05	1.4445061743582765e-10	1.0832859517193844e-13
