x		y		e
4.9999999999999998e-07	4.0793792168736589e+08	2.1951161048282266e+08
1.9999999999999999e-06	3.9002470404673666e+07	0.0000000000000000e+00
3.0000000000000001e-06	2.9000242615021851e+07	0.0000000000000000e+00
3.9999999999999998e-06	1.7770602550686974e+07	0.0000000000000000e+00
4.9999999999999996e-06	1.2648712232277507e+07	0.0000000000000000e+00
6.0000000000000002e-06	9.5627235340466946e+06	0.0000000000000000e+00
6.9999999999999999e-06	7.5416286046332568e+06	0.0000000000000000e+00
7.9999999999999996e-06	6.0460759499725914e+06	0.0000000000000000e+00
9.0000000000000002e-06	4.9911928575620912e+06	0.0000000000000000e+00
9.9999999999999991e-06	4.1263374779187650e+06	0.0000000000000000e+00
1.1000000000000000e-05	3.8248138024207125e+06	0.0000000000000000e+00
1.2000000000000000e-05	2.9331205324926986e+06	0.0000000000000000e+00
1.2999999999999999e-05	2.7564986305319364e+06	0.0000000000000000e+00
1.4000000000000000e-05	2.3164222028896208e+06	0.0000000000000000e+00
1.4999999999999999e-05	2.0948593128145400e+06	0.0000000000000000e+00
1.6500000000000001e-05	1.5729771364080012e+06	1.2867167582055394e+05
1.8000000000000000e-05	1.2449521954006343e+06	0.0000000000000000e+00
1.8999999999999998e-05	1.2581310527545412e+06	0.0000000000000000e+00
2.0499999999999997e-05	8.1731735542089399e+05	4.7906887524848462e+04
2.2499999999999998e-05	7.4329386980692868e+05	5.5403014702598564e+04
2.4499999999999999e-05	5.3689649998738384e+05	2.6198884205694965e+04
2.6500000000000000e-05	4.3892479037777765e+05	5.9297045285673430e+03
2.8500000000000002e-05	4.1598678501185816e+05	1.9865008256105425e+03
3.0499999999999999e-05	2.0207632435713004e+05	2.4885430065157703e+04
3.2999999999999996e-05	2.5308292781353751e+05	8.1409280458174893e+04
3.5499999999999996e-05	8.4977215633226922e+04	1.8125595137955667e+05
3.7999999999999995e-05	-1.0941021201395418e+05	3.1329688317579315e+04
4.0999999999999994e-05	-1.6972953461434119e+05	1.6061090609876494e+04
4.4500000000000004e-05	-2.1070273004412302e+05	6.6077564352087924e+04
4.8500000000000000e-05	-1.5211609256202239e+05	7.6840268185514869e+04
5.2500000000000002e-05	-3.5128178204285220e+05	6.1795685513946526e+04
5.6499999999999998e-05	-4.6533244605276897e+05	3.2169997839872718e+04
6.0999999999999999e-05	-3.9157448726765940e+05	2.3069868721216164e+04
6.6000000000000005e-05	-4.9018009919109585e+05	2.1488574546322867e+04
7.0999999999999991e-05	-4.7508384689520876e+05	7.0924394703516256e+04
7.6500000000000003e-05	-5.8172538708215265e+05	3.4437105623282376e+04
8.2500000000000000e-05	-4.5096258273710177e+05	4.6829676247140611e+04
8.8999999999999995e-05	-4.5966693953899067e+05	4.5689391660718386e+04
9.5999999999999989e-05	-5.4920330262115982e+05	3.0500721033583810e+04
1.0349999999999999e-04	-5.4289704322053620e+05	4.9692716901201420e+04
1.1199999999999997e-04	-5.0835162630275759e+05	2.8646729024546748e+04
1.2099999999999999e-04	-4.6956070995750028e+05	1.6987285863621473e+04
1.3050000000000000e-04	-5.1241818556734174e+05	2.7859383062639230e+04
1.4100000000000001e-04	-5.4821378024422354e+05	2.1285402912912283e+04
1.5249999999999999e-04	-5.8076349448171852e+05	3.5651215215013995e+04
1.6500000000000003e-04	-6.4080700209123781e+05	3.6977169561296978e+04
1.7800000000000002e-04	-5.9583455039934616e+05	2.6849451267143624e+04
1.9200000000000000e-04	-4.4002817271665792e+05	3.7436010640998225e+04
2.0750000000000000e-04	-5.3922508318248461e+05	2.1811767093511458e+04
2.2400000000000000e-04	-5.4553978631359432e+05	1.2905290950876075e+04
2.4200000000000003e-04	-5.4646054635539989e+05	3.8169068492748273e+04
2.6150000000000001e-04	-5.3530856585990579e+05	2.4300275558502912e+04
2.8200000000000002e-04	-5.3987150438705622e+05	2.2825891220388348e+04
3.0450000000000003e-04	-5.7294713496770675e+05	2.3304600036436619e+04
3.2899999999999992e-04	-5.5306017264801811e+05	2.3784790898553343e+04
3.5500000000000001e-04	-5.0089755087209761e+05	2.1045040554134288e+04
3.8350000000000000e-04	-5.0084912433549442e+05	1.8490398235550929e+04
4.1399999999999998e-04	-5.0929885605925863e+05	1.8105320285976417e+04
4.4699999999999997e-04	-4.7126072563109105e+05	2.0469463627861434e+04
4.8299999999999992e-04	-4.8360862190597446e+05	1.8586013374673948e+04
5.2150000000000005e-04	-5.4592330110338447e+05	1.5393642214743224e+04
5.6300000000000002e-04	-4.7518832388918265e+05	1.5000796275387396e+04
6.0749999999999997e-04	-4.5011883523641882e+05	1.2306376524708681e+04
6.5600000000000001e-04	-4.2977927171184501e+05	1.4896572487252213e+04
7.0849999999999982e-04	-3.6109080581536336e+05	1.2746064184531793e+04
7.6500000000000005e-04	-3.6786636251025600e+05	1.1087027797654469e+04
8.2599999999999969e-04	-3.6419491528385424e+05	1.3589249792561957e+04
8.9200000000000011e-04	-3.2291288804572570e+05	1.3440502287153904e+04
9.6299999999999966e-04	-2.9594501347711118e+05	1.0777605206747701e+04
1.0394999999999998e-03	-2.6682719106151373e+05	1.1968497602291367e+04
1.1225000000000000e-03	-2.2419100698984411e+05	1.1047545803234252e+04
1.2120000000000000e-03	-2.1036364537169255e+05	1.2295650798931683e+04
1.3090000000000003e-03	-1.3969383501485991e+05	1.0034278576090268e+04
1.4134999999999998e-03	-1.5514696659964597e+05	7.6815344927397946e+03
1.5259999999999998e-03	-1.0375305855389683e+05	9.0720832306575194e+03
1.6480000000000006e-03	-8.3409830677871243e+04	8.3630991132141717e+03
1.7795000000000005e-03	-1.2008013092542409e+05	8.8080942090783174e+03
1.9215000000000002e-03	-1.0294748553258504e+05	7.6400289056300062e+03
2.0749999999999996e-03	-1.0238039125299736e+05	6.7991346435333844e+03
2.2404999999999999e-03	-9.7742967887530685e+04	7.1972023993614475e+03
2.4190000000000001e-03	-6.8721890437615279e+04	6.6326938062286099e+03
2.6119999999999997e-03	-4.8795749099103050e+04	7.0962372886459052e+03
2.8204999999999997e-03	7.0839556453701880e+03	6.1431540402472110e+03
3.0455000000000000e-03	-1.5193671891637670e+04	5.9805805318023331e+03
3.2885000000000002e-03	-2.3564588433735309e+04	6.0458932560556977e+03
3.5504999999999998e-03	-1.6622902406324400e+04	5.4718384288330262e+03
3.8339999999999997e-03	-3.1438352847282513e+04	5.8212341212386518e+03
4.1399999999999996e-03	7.4372656094130416e+03	5.4154284730918362e+03
4.4700000000000000e-03	7.9521321103383307e+03	5.0324512044676349e+03
4.8205000000000019e-03	9.2126524282027685e+02	5.3204731118535865e+03
