x		y		e
4.9999999999999998e-07	6.4259404227845561e-04	6.4259404227845561e-04
1.9999999999999999e-06	3.3525065637725038e-03	0.0000000000000000e+00
3.0000000000000001e-06	5.5559625311383610e-03	0.0000000000000000e+00
3.9999999999999998e-06	7.8821554438620774e-03	0.0000000000000000e+00
4.9999999999999996e-06	1.0279915849616341e-02	0.0000000000000000e+00
6.0000000000000002e-06	1.2728957991765578e-02	0.0000000000000000e+00
6.9999999999999999e-06	1.5217349020878387e-02	0.0000000000000000e+00
7.9999999999999996e-06	1.7736568034365015e-02	0.0000000000000000e+00
9.0000000000000002e-06	2.0280300823477371e-02	0.0000000000000000e+00
9.9999999999999991e-06	2.2844288952631596e-02	0.0000000000000000e+00
1.1000000000000000e-05	2.5425340194500289e-02	0.0000000000000000e+00
1.2000000000000000e-05	2.8022081144321080e-02	0.0000000000000000e+00
1.2999999999999999e-05	3.0631587797720364e-02	0.0000000000000000e+00
1.4000000000000000e-05	3.3251865918913263e-02	0.0000000000000000e+00
1.4999999999999999e-05	3.5881684797670420e-02	0.0000000000000000e+00
1.6500000000000001e-05	3.9842159798816314e-02	1.3225433088923243e-03
1.8000000000000000e-05	4.3815817803304090e-02	0.0000000000000000e+00
1.8999999999999998e-05	4.6472270702160770e-02	0.0000000000000000e+00
2.0499999999999997e-05	5.0466904336942800e-02	1.3328949663324128e-03
2.2499999999999998e-05	5.5804733242260519e-02	1.3360770748570979e-03
2.4499999999999999e-05	6.1154262935621706e-02	1.3384996230344200e-03
2.6500000000000000e-05	6.6512742587518936e-02	1.3406282265037456e-03
2.8500000000000002e-05	7.1878467998260934e-02	1.3421703583241555e-03
3.0499999999999999e-05	7.7249281104703929e-02	1.3430878745065084e-03
3.2999999999999996e-05	8.3968904579129089e-02	1.5526210040862349e-03
3.5499999999999996e-05	9.0693051898073529e-02	1.3445329217673836e-03
3.7999999999999995e-05	9.7416607045449966e-02	1.5526543926005524e-03
4.0999999999999994e-05	1.0548370333088819e-01	1.5523755919671900e-03
4.4500000000000004e-05	1.1489003116265890e-01	1.7338608312192129e-03
4.8500000000000000e-05	1.2562683138570355e-01	1.7315074122055477e-03
5.2500000000000002e-05	1.3634686982046712e-01	1.7281695998498103e-03
5.6499999999999998e-05	1.4704456743578664e-01	1.7244146373619339e-03
6.0999999999999999e-05	1.5905025841210255e-01	1.8841776206118229e-03
6.6000000000000005e-05	1.7235030994907588e-01	1.8779966443783890e-03
7.0999999999999991e-05	1.8561247318921539e-01	1.8726763779557784e-03
7.6500000000000003e-05	2.0014290507610655e-01	2.0131849425011807e-03
8.2500000000000000e-05	2.1592430551868710e-01	2.0045788324393170e-03
8.8999999999999995e-05	2.3294098975087335e-01	2.1318857173215472e-03
9.5999999999999989e-05	2.5116489280509657e-01	2.1197201725708082e-03
1.0349999999999999e-04	2.7057564883547697e-01	2.2340327104729270e-03
1.1199999999999997e-04	2.9241013136095273e-01	2.3359049404868362e-03
1.2099999999999999e-04	3.1534003088608892e-01	2.3155460886035767e-03
1.3050000000000000e-04	3.3932468701583007e-01	2.4066641037426405e-03
1.4100000000000001e-04	3.6558237391663506e-01	2.4879150112438542e-03
1.5249999999999999e-04	3.9401445854257200e-01	2.5568896441222604e-03
1.6500000000000003e-04	4.2452033737945288e-01	2.6202542969143276e-03
1.7800000000000002e-04	4.5586268266164665e-01	2.5868030794681369e-03
1.9200000000000000e-04	4.8912477236504120e-01	2.7221802383430951e-03
2.0750000000000000e-04	5.2536194357375976e-01	2.7584577914322958e-03
2.2400000000000000e-04	5.6320702750695961e-01	2.7817710442296522e-03
2.4200000000000003e-04	6.0366988279256473e-01	2.8733215911854039e-03
2.6150000000000001e-04	6.4658259758934322e-01	2.8779055549506090e-03
2.8200000000000002e-04	6.9065859451333089e-01	2.8783508852785432e-03
3.0450000000000003e-04	7.3788302975089615e-01	2.9927865034135161e-03
3.2899999999999992e-04	7.8802785320395796e-01	2.9731696645211997e-03
3.5500000000000001e-04	8.3973889440517790e-01	2.9926288540270711e-03
3.8350000000000000e-04	8.9463450304098457e-01	3.0437452259315990e-03
4.1399999999999998e-04	9.5142348034022095e-01	2.9929106721044724e-03
4.4699999999999997e-04	1.0107599432041079e+00	3.0584472816069818e-03
4.8299999999999992e-04	1.0730570286270005e+00	3.0185536505548251e-03
5.2150000000000005e-04	1.1368586950616040e+00	2.9954990749225994e-03
5.6300000000000002e-04	1.2025323915267110e+00	2.9617168303534766e-03
6.0749999999999997e-04	1.2697465027377550e+00	2.9182894711944659e-03
6.5600000000000001e-04	1.3393564783126226e+00	2.9072164553180816e-03
7.0849999999999982e-04	1.4105895744103292e+00	2.8225291962122819e-03
7.6500000000000005e-04	1.4826178514154686e+00	2.7618877531186098e-03
8.2599999999999969e-04	1.5554843426218148e+00	2.6641192999455120e-03
8.9200000000000011e-04	1.6288397146333347e+00	2.5836342168087953e-03
9.6299999999999966e-04	1.7016783004491269e+00	2.4411001145714702e-03
1.0394999999999998e-03	1.7733151330759838e+00	2.3191861750018320e-03
1.1225000000000000e-03	1.8435651254453838e+00	2.1655578938384241e-03
1.2120000000000000e-03	1.9112607215592194e+00	1.9977932982647457e-03
1.3090000000000003e-03	1.9767690232815496e+00	1.8530150227139980e-03
1.4134999999999998e-03	2.0386463351508826e+00	1.6702937997770497e-03
1.5259999999999998e-03	2.0969488810875596e+00	1.5237665320478643e-03
1.6480000000000006e-03	2.1516488784338130e+00	1.3465417632957011e-03
1.7795000000000005e-03	2.2017557942439501e+00	1.1852678338512650e-03
1.9215000000000002e-03	2.2473024618944524e+00	1.0277422902304823e-03
2.0749999999999996e-03	2.2883561960257754e+00	8.9585147724288987e-04
2.2404999999999999e-03	2.3252572910080387e+00	7.6197202219677521e-04
2.4190000000000001e-03	2.3578416415262056e+00	6.3947903990699067e-04
2.6119999999999997e-03	2.3863216269918426e+00	5.5345781206342869e-04
2.8204999999999997e-03	2.4107261770641024e+00	4.4446860422568555e-04
3.0455000000000000e-03	2.4319779043338334e+00	3.8606323151798422e-04
3.2885000000000002e-03	2.4519821863569637e+00	3.4366356290287505e-04
3.5504999999999998e-03	2.4691420153160122e+00	2.9094409634986077e-04
3.8339999999999997e-03	2.4839367078174481e+00	1.9623547618503255e-04
4.1399999999999996e-03	2.4949297853772125e+00	1.6772193121911594e-04
4.4700000000000000e-03	2.5008248618196069e+00	2.2994722583479095e-05
4.8205000000000019e-03	2.5020359380743176e+00	3.4846314767235400e-05
