x		y		e
0.0000000000000000e+00	1.2555054486156394e+00	0.0000000000000000e+00
2.3841857910156250e-01	2.0739542786692666e-02	0.0000000000000000e+00
4.7683715820312500e-01	3.1674575232457008e-02	0.0000000000000000e+00
7.1525573730468750e-01	2.0500312039325477e-02	0.0000000000000000e+00
9.5367431640625000e-01	2.5861107468238120e-02	0.0000000000000000e+00
1.1920928955078125e+00	1.9145724504423933e-02	0.0000000000000000e+00
1.4305114746093750e+00	2.3900107656317466e-02	0.0000000000000000e+00
1.6689300537109375e+00	1.7372546365376444e-02	0.0000000000000000e+00
1.9073486328125000e+00	2.1787471551925373e-02	0.0000000000000000e+00
2.1457672119140625e+00	1.1079452867411703e-02	0.0000000000000000e+00
2.3841857910156250e+00	2.1403952168525652e-02	0.0000000000000000e+00
2.6226043701171875e+00	1.5845273963567667e-02	0.0000000000000000e+00
2.8610229492187500e+00	2.0233798505493970e-02	0.0000000000000000e+00
3.0994415283203125e+00	1.6926124846724760e-02	0.0000000000000000e+00
3.3378601074218750e+00	1.9033082934640413e-02	0.0000000000000000e+00
3.5762786865234375e+00	1.6504885219171959e-02	0.0000000000000000e+00
3.8146972656250000e+00	2.1771494685680098e-02	0.0000000000000000e+00
4.1723251342773438e+00	1.8144354266750509e-02	8.4621865351124895e-04
4.5299530029296875e+00	2.3070351186630617e-02	0.0000000000000000e+00
4.8875808715820312e+00	1.9451175780185737e-02	6.7036068401494272e-04
5.2452087402343750e+00	1.6275299469326061e-02	0.0000000000000000e+00
5.6028366088867188e+00	2.0319833197562809e-02	8.2842796986473612e-04
6.0796737670898438e+00	1.9697063241828790e-02	4.6418736514711838e-03
6.5565109252929688e+00	1.6859186296144964e-02	3.6866022521150170e-03
7.0333480834960938e+00	2.3392827960143296e-02	2.3175869901779986e-03
7.6293945312500000e+00	1.9217574485785489e-02	4.6416585745072203e-03
8.2254409790039062e+00	2.1524174258244436e-02	6.7190424713426677e-03
8.8214874267578125e+00	1.7636632147966576e-02	1.6463927511888318e-03
9.5367431640625000e+00	1.9458250079055540e-02	3.6686463057295131e-03
1.0371208190917969e+01	1.5535379974588830e-02	1.3550572384744854e-03
1.1205673217773438e+01	1.8018310985892298e-02	1.6066985540761486e-03
1.2040138244628906e+01	1.5246442604872897e-02	2.1966578199141863e-03
1.3113021850585938e+01	1.4936617968743168e-02	1.1052681459494103e-03
1.4185905456542969e+01	1.5559934014304961e-02	2.9944210172414289e-03
1.5258789062500000e+01	1.4191086431348620e-02	8.3031987727030126e-04
1.6450881958007812e+01	1.6838796576819227e-02	1.9734171487506154e-03
1.7762184143066406e+01	1.5340848971237775e-02	1.4253641657622170e-03
1.9192695617675781e+01	1.1310591067787526e-02	1.8331780458698903e-03
2.0742416381835938e+01	1.4541751501942162e-02	9.9086453769291032e-04
2.2411346435546875e+01	9.4834560315604950e-03	7.1734011153453704e-04
2.4199485778808594e+01	1.2890873815972773e-02	1.5845702283731390e-03
2.6106834411621094e+01	1.0939634885258849e-02	4.4637156588631577e-04
2.8133392333984375e+01	1.1799549684776795e-02	1.0401890137207101e-03
3.0398368835449219e+01	1.0826249055388596e-02	7.3382754598741939e-04
3.2901763916015625e+01	8.9716263938637627e-03	6.4321410061648067e-04
3.5524368286132812e+01	9.8634524456406702e-03	7.7715713439871167e-04
3.8266181945800781e+01	9.3816431563350702e-03	9.3696531673927836e-04
4.1365623474121094e+01	8.2182919901503566e-03	8.3382981596567666e-04
4.4703483581542969e+01	8.0035101801345394e-03	9.8824879932564186e-04
4.8279762268066406e+01	7.2794843065052779e-03	6.6226979593233485e-04
5.2094459533691406e+01	7.1053827655620629e-03	6.0869352648536983e-04
5.6266784667968750e+01	7.3537987826808489e-03	6.0139016270484573e-04
6.0796737670898438e+01	7.2981173208465470e-03	4.3234341437109448e-04
6.5565109252929688e+01	6.6039171515067359e-03	4.3778737543540046e-04
7.0810317993164062e+01	6.3325482945543778e-03	2.7694755058747664e-04
7.6532363891601562e+01	6.4736247961385803e-03	3.9077137897695587e-04
8.2612037658691406e+01	5.5209125507301718e-03	3.1799708006624371e-04
8.9168548583984375e+01	5.2838739083468809e-03	2.5061493438803924e-04
9.6321105957031250e+01	5.4208594980115887e-03	2.9616149822586630e-04
1.0395050048828125e+02	4.7256562382876422e-03	2.2354095811534896e-04
1.1229515075683594e+02	4.6268638135527947e-03	1.7688327365688718e-04
1.2135505676269531e+02	4.6922245821990278e-03	2.2652846359077171e-04
1.3101100921630859e+02	4.2280212107762907e-03	1.8345128760586081e-04
1.4138221740722656e+02	4.1987073037067979e-03	2.0089153541719756e-04
1.5258789062500000e+02	3.5754728603966651e-03	1.3852188545202194e-04
1.6474723815917969e+02	3.3992322268523562e-03	1.1703648465062169e-04
1.7797946929931641e+02	3.3018638367559457e-03	1.4165369432557958e-04
1.9216537475585938e+02	2.9562378925922796e-03	1.1899770564566160e-04
2.0742416381835938e+02	2.7951949176046515e-03	8.9026732846911205e-05
2.2399425506591797e+02	2.5952756454694832e-03	8.2653436874946670e-05
2.4187564849853516e+02	2.3824538394993685e-03	7.1561969466385223e-05
2.6118755340576172e+02	2.1523534008498946e-03	6.7848120065000400e-05
2.8204917907714844e+02	1.9622665571374463e-03	6.0208579508452879e-05
3.0457973480224609e+02	1.6517907452208355e-03	4.6570800372480765e-05
3.2889842987060547e+02	1.4496962273836600e-03	3.2415877226058917e-05
3.5512447357177734e+02	1.3893417857612476e-03	3.9300659389188867e-05
3.8337707519531250e+02	1.2040211105154729e-03	2.9255366446133231e-05
4.1389465332031250e+02	9.9875987758018419e-04	2.4549927506245501e-05
4.4691562652587891e+02	8.7996351553941519e-04	2.1450044075261025e-05
4.8267841339111328e+02	8.1448903370874234e-04	1.8255593068756811e-05
5.2118301391601562e+02	6.8951364225639834e-04	1.5361695792663022e-05
5.6266784667968750e+02	6.0767139282294578e-04	1.2368845259277701e-05
6.0760974884033203e+02	5.2846669770012099e-04	1.0907751163816467e-05
6.5612792968750000e+02	4.5991056675261652e-04	9.1581292209405794e-06
7.0846080780029297e+02	3.9602554770220275e-04	8.5002615851503607e-06
7.6496601104736328e+02	3.4796404231837079e-04	6.4367640250868939e-06
8.2600116729736328e+02	2.9174588173917998e-04	5.0540474316556239e-06
8.9192390441894531e+02	2.4964101211892326e-04	4.2469221381596704e-06
9.6309185028076172e+02	2.2756950378006118e-04	3.8932615610698881e-06
1.0398626327514648e+03	1.8878176801068243e-04	2.9325938135410901e-06
1.1228322982788086e+03	1.6390362661099700e-04	2.5256263975141494e-06
1.2124776840209961e+03	1.4084615385119028e-04	2.1486269373820761e-06
1.3091564178466797e+03	1.1978511830751868e-04	1.7976372508205610e-06
1.4135837554931641e+03	1.0258229548342225e-04	1.4594063883699673e-06
1.5263557434082031e+03	8.7005183746493591e-05	1.1167172750260991e-06
1.6480684280395508e+03	7.5137687270795690e-05	9.7732540405743877e-07
1.7795562744140625e+03	6.3986511650150911e-05	7.4749405667041173e-07
1.9215345382690430e+03	5.4776244315554792e-05	6.5061889074010360e-07
2.0748376846313477e+03	4.6524147508329895e-05	5.0731538640164154e-07
2.2404193878173828e+03	4.0530452799103273e-05	4.2271797511566937e-07
2.4191141128540039e+03	3.4504310804739720e-05	3.5211163196310048e-07
2.6121139526367188e+03	2.9538068874187052e-05	3.0641731081441699e-07
2.8204917907714844e+03	2.5138263494285756e-05	2.4821938186064801e-07
3.0454397201538086e+03	2.2021734105232228e-05	2.0617838147561063e-07
3.2883882522583008e+03	1.8471930228655379e-05	1.6660111225896680e-07
3.5507678985595703e+03	1.5983850899231696e-05	1.3837246254338595e-07
3.8340091705322266e+03	1.3647215823393472e-05	1.1609407645219270e-07
4.1397809982299805e+03	1.1525738748067099e-05	9.4063353665576834e-08
4.4701099395751953e+03	9.8928713170330349e-06	7.8455405415435697e-08
4.8267841339111328e+03	8.5184798500526882e-06	6.2730861207530252e-08
5.2118301391601562e+03	7.2560146997770127e-06	5.2060782175311860e-08
5.6276321411132812e+03	6.2099392563376990e-06	4.2181469250123839e-08
6.0765743255615234e+03	5.2730981480651436e-06	3.5527796005476710e-08
6.5612792968750000e+03	4.5664638509143697e-06	2.8939303082862165e-08
7.0847272872924805e+03	3.8315486323545763e-06	2.3337032474666629e-08
7.6498985290527344e+03	3.2891531240118707e-06	1.9514870016954941e-08
8.2601308822631836e+03	2.8072157252285631e-06	1.5954284815420026e-08
8.9191198348999023e+03	2.4082893986802151e-06	1.3071912535403088e-08
9.6306800842285156e+03	2.0321234010222241e-06	1.0803446129061030e-08
1.0398983955383301e+04	1.7322560155575918e-06	8.8958418928103992e-09
1.1228442192077637e+04	1.4748998173673230e-06	7.1035045102325074e-09
1.2124180793762207e+04	1.2607657734624651e-06	5.9111123090247789e-09
1.3091444969177246e+04	1.0780644313284609e-06	4.8067877991486804e-09
1.4135718345642090e+04	9.1097864752415318e-07	3.8937837010612534e-09
1.5263438224792480e+04	7.8654185664459822e-07	3.2753001974817741e-09
1.6481161117553711e+04	6.6268116910890674e-07	2.6442787399616276e-09
1.7795920372009277e+04	5.6721659897085563e-07	2.2071177378067252e-09
1.9215583801269531e+04	4.8329766668198042e-07	1.8246879666431661e-09
2.0748496055603027e+04	4.1051366675589241e-07	1.4617270477368745e-09
2.2403717041015625e+04	3.4897838248317057e-07	1.1944294904418482e-09
2.4191021919250488e+04	2.9595018594503798e-07	9.6894207817904328e-10
2.6120781898498535e+04	2.5267374072348712e-07	8.0650390319178967e-10
2.8204560279846191e+04	2.1492129015722249e-07	6.6304545354090667e-10
3.0454635620117188e+04	1.8269205851087541e-07	5.4036150451341738e-10
3.2884120941162109e+04	1.5377863945837739e-07	4.3763033596953200e-10
3.5507440567016602e+04	1.3171081967725219e-07	3.6017367807747066e-10
3.8340091705322266e+04	1.1159974211367150e-07	2.9322793990591488e-10
4.1398644447326660e+04	9.5762704808943219e-08	6.5593129427356389e-10
4.4701218605041504e+04	8.0110065630697892e-08	1.9505231322950640e-10
4.8267364501953125e+04	6.8079818879031046e-08	1.6082842033684921e-10
5.2117824554443359e+04	5.7601998316816191e-08	1.2929069876280852e-10
5.6275486946105957e+04	4.8720650968498786e-08	1.0619292156350075e-10
6.0764908790588379e+04	4.1238115889780796e-08	8.6081696689463466e-11
6.5612435340881348e+04	3.4986175039428715e-08	7.0394731771161343e-11
7.0846676826477051e+04	2.9698759261518411e-08	5.7491788555259143e-11
7.6498508453369141e+04	2.5293870990669601e-08	8.7802212348681283e-11
8.2601189613342285e+04	2.2124013573500691e-08	1.9008726887789737e-10
8.9190721511840820e+04	1.8086247215809764e-08	3.1156168965762359e-11
9.6305966377258301e+04	1.5348387269254854e-08	2.5503012253426972e-11
1.0398876667022705e+05	1.2983166786763307e-08	2.0721155498936719e-11
1.1228442192077637e+05	1.1052782290730331e-08	1.7063386351772951e-11
1.2124192714691162e+05	9.4012681345629978e-09	1.3870825843551802e-11
1.3091409206390381e+05	8.0892762912793600e-09	1.3727708728645631e-11
1.4135777950286865e+05	6.8699654488396892e-09	9.4518209969917232e-12
1.5263462066650391e+05	5.9083886380285919e-09	7.7736086201747914e-12
1.6481113433837891e+05	5.1022378963051187e-09	8.2285187351774887e-12
1.7795896530151367e+05	4.3940810620413316e-09	5.3613628697667584e-12
1.9215559959411621e+05	3.8306014048071874e-09	4.5062437814528535e-12
2.0748484134674072e+05	3.3468973674835563e-09	3.7755045737245586e-12
2.2403705120086670e+05	2.9492739638034579e-09	3.1931763508233079e-12
2.4190962314605713e+05	2.6192387082159972e-09	2.7220884225486406e-12
2.6120793819427490e+05	2.3506659624406178e-09	2.3808057664018818e-12
2.8204584121704102e+05	2.1292810044321485e-09	2.1414033248856823e-12
3.0454611778259277e+05	1.9472259197548279e-09	1.7980940415255433e-12
3.2884132862091064e+05	1.8135420553702438e-09	4.7306803489383270e-12
3.5507464408874512e+05	1.6765757670720459e-09	1.4366765679746855e-12
3.8340079784393311e+05	1.5856436251807313e-09	1.3104143906323429e-12
4.1398668289184570e+05	1.5193386724144861e-09	1.2095251094547237e-12
4.4701254367828369e+05	1.4710427616876362e-09	1.1221384451721533e-12
4.8207950592041016e+05	1.4555964650653027e-09	1.3878284573697934e-12
