x		y		e
4.9999999999999998e-07	4.6900812347966506e-04	4.6900812347966506e-04
1.9999999999999999e-06	2.3527442666828602e-03	0.0000000000000000e+00
3.0000000000000001e-06	3.8399650970360895e-03	0.0000000000000000e+00
3.9999999999999998e-06	5.3827321234095546e-03	0.0000000000000000e+00
4.9999999999999996e-06	6.9583053232490505e-03	0.0000000000000000e+00
6.0000000000000002e-06	8.5564821030183914e-03	0.0000000000000000e+00
6.9999999999999999e-06	1.0171948878048521e-02	0.0000000000000000e+00
7.9999999999999996e-06	1.1800860331397846e-02	0.0000000000000000e+00
9.0000000000000002e-06	1.3440318799758178e-02	0.0000000000000000e+00
9.9999999999999991e-06	1.5088033390703144e-02	0.0000000000000000e+00
1.1000000000000000e-05	1.6742542157919059e-02	0.0000000000000000e+00
1.2000000000000000e-05	1.8403058381348879e-02	0.0000000000000000e+00
1.2999999999999999e-05	2.0067952044602346e-02	0.0000000000000000e+00
1.4000000000000000e-05	2.1736353152581319e-02	0.0000000000000000e+00
1.4999999999999999e-05	2.3407450071189030e-02	0.0000000000000000e+00
1.6500000000000001e-05	2.5918458989477061e-02	8.3765636980926708e-04
1.8000000000000000e-05	2.8432442371738063e-02	0.0000000000000000e+00
1.8999999999999998e-05	3.0109586858207946e-02	0.0000000000000000e+00
2.0499999999999997e-05	3.2626137180138001e-02	8.3892576196458054e-04
2.2499999999999998e-05	3.5982899964728102e-02	8.3945722261804232e-04
2.4499999999999999e-05	3.9341152551769461e-02	8.3941527849715593e-04
2.6500000000000000e-05	4.2697684337693248e-02	8.3870880134217054e-04
2.8500000000000002e-05	4.6050813788718697e-02	8.3789495437384411e-04
3.0499999999999999e-05	4.9400941524906657e-02	8.3724112919034480e-04
3.2999999999999996e-05	5.3584266659335168e-02	9.6532767747248976e-04
3.5499999999999996e-05	5.7759625628850578e-02	8.3389308235888300e-04
3.7999999999999995e-05	6.1926074680106823e-02	9.6131230767419014e-04
4.0999999999999994e-05	6.6914530119094220e-02	9.5875314467918520e-04
4.4500000000000004e-05	7.2715949723977560e-02	1.0679763547333824e-03
4.8500000000000000e-05	7.9316686521538241e-02	1.0624368881220953e-03
5.2500000000000002e-05	8.5883449181331478e-02	1.0569515573530578e-03
5.6499999999999998e-05	9.2414343507730104e-02	1.0507898926624753e-03
6.0999999999999999e-05	9.9715520440279759e-02	1.1436785729075738e-03
6.6000000000000005e-05	1.0777532341367105e-01	1.1362522434947299e-03
7.0999999999999991e-05	1.1578301195229464e-01	1.1285412058558019e-03
7.6500000000000003e-05	1.2452298654151116e-01	1.2085857105140416e-03
8.2500000000000000e-05	1.3397261451568962e-01	1.1972236888641557e-03
8.8999999999999995e-05	1.4410683701863564e-01	1.2663369912265447e-03
9.5999999999999989e-05	1.5490191409132859e-01	1.2519809702113691e-03
1.0349999999999999e-04	1.6633202063566863e-01	1.3123156382597791e-03
1.1199999999999997e-04	1.7913025071864863e-01	1.3659553026912259e-03
1.2099999999999999e-04	1.9250030952823349e-01	1.3462532445470180e-03
1.3050000000000000e-04	2.0639463476173328e-01	1.3893530107031860e-03
1.4100000000000001e-04	2.2151387537248593e-01	1.4288933236049225e-03
1.5249999999999999e-04	2.3779814416338188e-01	1.4601655991088773e-03
1.6500000000000003e-04	2.5515002658938296e-01	1.4844100250238112e-03
1.7800000000000002e-04	2.7282902712862950e-01	1.4527445991371320e-03
1.9200000000000000e-04	2.9142538067568857e-01	1.5158896709157438e-03
2.0750000000000000e-04	3.1150879081555349e-01	1.5235832439686420e-03
2.2400000000000000e-04	3.3236501898964294e-01	1.5273228918271935e-03
2.4200000000000003e-04	3.5445706342659961e-01	1.5608665464305570e-03
2.6150000000000001e-04	3.7762710414084133e-01	1.5454259190516659e-03
2.8200000000000002e-04	4.0116902300856738e-01	1.5274541068978785e-03
3.0450000000000003e-04	4.2606190233186952e-01	1.5677804478598286e-03
3.2899999999999992e-04	4.5211278349965378e-01	1.5332789275035697e-03
3.5500000000000001e-04	4.7861171529638497e-01	1.5228024940491956e-03
3.8350000000000000e-04	5.0632645771131746e-01	1.5252774597086581e-03
4.1399999999999998e-04	5.3454789747032572e-01	1.4730113055466082e-03
4.4699999999999997e-04	5.6346192080622137e-01	1.4757517367899175e-03
4.8299999999999992e-04	5.9312992402293330e-01	1.4182762898651627e-03
5.2150000000000005e-04	6.2283165396182405e-01	1.3816838859488699e-03
5.6300000000000002e-04	6.5278315909955176e-01	1.3358602628856335e-03
6.0749999999999997e-04	6.8274545019979260e-01	1.2866501883623826e-03
6.5600000000000001e-04	7.1303116732254779e-01	1.2461452392078917e-03
7.0849999999999982e-04	7.4299461848201664e-01	1.1653025336107238e-03
7.6500000000000005e-04	7.7226190109979986e-01	1.1059600689287724e-03
8.2599999999999969e-04	8.0090281407843855e-01	1.0258230564472309e-03
8.9200000000000011e-04	8.2846399024046702e-01	9.5198516756820240e-04
9.6299999999999966e-04	8.5462066959342209e-01	8.5615573675103544e-04
1.0394999999999998e-03	8.7948678184881801e-01	7.9387680248635449e-04
1.1225000000000000e-03	9.0289732675292766e-01	7.0181831047910032e-04
1.2120000000000000e-03	9.2449696092050637e-01	6.2601032065271985e-04
1.3090000000000003e-03	9.4452188269672865e-01	5.5295642060942864e-04
1.4134999999999998e-03	9.6276306127242040e-01	4.8366229006816409e-04
1.5259999999999998e-03	9.7925133721565227e-01	4.1864565647862552e-04
1.6480000000000006e-03	9.9424599056358309e-01	3.6787599194940297e-04
1.7795000000000005e-03	1.0076020981345142e+00	3.0637627604166421e-04
1.9215000000000002e-03	1.0192187409832607e+00	2.6468110015466696e-04
2.0749999999999996e-03	1.0293883279356948e+00	2.0454236493642287e-04
2.2404999999999999e-03	1.0374979778444009e+00	1.5999222519122742e-04
2.4190000000000001e-03	1.0433052528705997e+00	1.0931370386969493e-04
2.6119999999999997e-03	1.0479412751973662e+00	8.2723090877930765e-05
2.8204999999999997e-03	1.0518025491976428e+00	5.3975652662096640e-05
3.0455000000000000e-03	1.0526526309931217e+00	1.7580764453267934e-05
3.2885000000000002e-03	1.0519600281343477e+00	9.1309447112025368e-06
3.5504999999999998e-03	1.0528464971362090e+00	1.1286087364084042e-05
3.8339999999999997e-03	1.0543322341804493e+00	3.6291208273245467e-05
4.1399999999999996e-03	1.0571153717464856e+00	6.0775220843525670e-05
4.4700000000000000e-03	1.0596676333155588e+00	2.0287512367677054e-05
4.8205000000000019e-03	1.0600175189918823e+00	1.5701729127152217e-05
