x		y		e
4.9999999999999998e-07	7.5729089372845984e+08	3.9621918762507433e+08
1.9999999999999999e-06	8.3043822677659288e+07	0.0000000000000000e+00
3.0000000000000001e-06	5.3434368406675033e+07	0.0000000000000000e+00
3.9999999999999998e-06	3.3879391118810274e+07	0.0000000000000000e+00
4.9999999999999996e-06	2.4250841582325429e+07	0.0000000000000000e+00
6.0000000000000002e-06	1.8445670256784994e+07	0.0000000000000000e+00
6.9999999999999999e-06	1.4475513338250535e+07	0.0000000000000000e+00
7.9999999999999996e-06	1.1637534764366897e+07	0.0000000000000000e+00
9.0000000000000002e-06	9.6517896565598920e+06	0.0000000000000000e+00
9.9999999999999991e-06	7.6999885985200116e+06	0.0000000000000000e+00
1.1000000000000000e-05	7.1370775903135017e+06	0.0000000000000000e+00
1.2000000000000000e-05	5.8100596109296586e+06	0.0000000000000000e+00
1.2999999999999999e-05	5.1433973182906490e+06	0.0000000000000000e+00
1.4000000000000000e-05	4.3750194145762641e+06	0.0000000000000000e+00
1.4999999999999999e-05	3.9078705760257044e+06	0.0000000000000000e+00
1.6500000000000001e-05	3.1965199975898564e+06	2.6913029374212166e+05
1.8000000000000000e-05	2.4894966962008644e+06	0.0000000000000000e+00
1.8999999999999998e-05	2.2962789055681224e+06	0.0000000000000000e+00
2.0499999999999997e-05	1.8326857682777797e+06	1.1506608353835615e+05
2.2499999999999998e-05	1.5962200391160562e+06	1.2474422276082427e+05
2.4499999999999999e-05	1.2431208258122352e+06	1.9786941547065019e+05
2.6500000000000000e-05	9.5351438137931959e+05	1.0833101744531575e+05
2.8500000000000002e-05	6.8006078286106756e+05	1.4313943665205975e+05
3.0499999999999999e-05	3.4454820671362145e+05	2.2796879250491900e+04
3.2999999999999996e-05	1.8654263936467833e+05	1.1434641221196683e+05
3.5499999999999996e-05	5.6516929619967123e+04	4.2634684745558794e+05
3.7999999999999995e-05	2.4420436454216437e+04	8.6340952297823009e+04
4.0999999999999994e-05	-3.0462115342824673e+05	5.3779328403477870e+04
4.4500000000000004e-05	-1.0727343944465973e+05	1.0574066996715900e+05
4.8500000000000000e-05	-4.8834956916940131e+05	2.0324925505077906e+05
5.2500000000000002e-05	-6.0253266912700259e+05	8.6711714750157364e+04
5.6499999999999998e-05	-7.0914910151447088e+05	8.4533166831916868e+04
6.0999999999999999e-05	-4.7829134487731347e+05	8.2595388913742368e+04
6.6000000000000005e-05	-8.1091007008460793e+05	3.6785454540508683e+04
7.0999999999999991e-05	-7.8502491445545596e+05	6.5952572091762078e+04
7.6500000000000003e-05	-7.0510131011193397e+05	5.8811375409863438e+04
8.2500000000000000e-05	-8.9954573609191983e+05	8.7564423555240312e+04
8.8999999999999995e-05	-1.0733020180015154e+06	4.9911649539249265e+04
9.5999999999999989e-05	-9.2284640167051752e+05	5.3111889815717492e+04
1.0349999999999999e-04	-1.0472655696170188e+06	3.1914524713801566e+04
1.1199999999999997e-04	-9.8851066855048598e+05	7.6453908482136278e+04
1.2099999999999999e-04	-1.0892106183989746e+06	5.4092944041279909e+04
1.3050000000000000e-04	-1.1736404162492531e+06	7.3948623441908130e+04
1.4100000000000001e-04	-1.1079062722721226e+06	5.8209014705040034e+04
1.5249999999999999e-04	-9.6357851873954339e+05	3.4615329553977863e+04
1.6500000000000003e-04	-1.1620397557085576e+06	2.9072965882394121e+04
1.7800000000000002e-04	-1.1031221782825012e+06	4.4261034426875849e+04
1.9200000000000000e-04	-1.0424584197991412e+06	5.8364051774725434e+04
2.0750000000000000e-04	-1.0857977542172261e+06	3.5681577900018303e+04
2.2400000000000000e-04	-1.2011402728708223e+06	3.4585946128932970e+04
2.4200000000000003e-04	-1.1604730630906664e+06	5.9609494551230666e+04
2.6150000000000001e-04	-1.2302500315283656e+06	4.7291610060119354e+04
2.8200000000000002e-04	-1.1074264913317929e+06	5.2021190920640540e+04
3.0450000000000003e-04	-9.9538986682758236e+05	5.8471198759169660e+04
3.2899999999999992e-04	-1.0410288976524083e+06	3.2231193650623809e+04
3.5500000000000001e-04	-1.0659388044548857e+06	4.5857001199923099e+04
3.8350000000000000e-04	-9.0845909406574105e+05	3.3743133554544605e+04
4.1399999999999998e-04	-9.4412926271859044e+05	2.7860086573598353e+04
4.4699999999999997e-04	-9.5640833964697551e+05	2.9647473557950136e+04
4.8299999999999992e-04	-9.1781842840480548e+05	3.0839938317486653e+04
5.2150000000000005e-04	-8.1987385741993855e+05	3.2469793747411884e+04
5.6300000000000002e-04	-8.3599837299212767e+05	2.9964193503847633e+04
6.0749999999999997e-04	-8.0422109319973458e+05	3.2610679713721154e+04
6.5600000000000001e-04	-7.0619377353881358e+05	2.8652579985735720e+04
7.0849999999999982e-04	-7.6759465167433850e+05	2.0352680056576184e+04
7.6500000000000005e-04	-5.5369465524235030e+05	1.9929135653494053e+04
8.2599999999999969e-04	-6.0173197181333823e+05	2.5414661889761624e+04
8.9200000000000011e-04	-5.5831673593420978e+05	2.4595648999502017e+04
9.6299999999999966e-04	-4.7856387333514693e+05	1.8952800417639399e+04
1.0394999999999998e-03	-5.0709036605191388e+05	2.1474248175114571e+04
1.1225000000000000e-03	-4.3088385780533880e+05	1.7402734574742866e+04
1.2120000000000000e-03	-4.0946854618697910e+05	1.7791983026128688e+04
1.3090000000000003e-03	-3.5144655606155476e+05	1.6615272005223876e+04
1.4134999999999998e-03	-3.3302264948099456e+05	1.7401534616912271e+04
1.5259999999999998e-03	-2.6762523582710698e+05	1.6409111253609539e+04
1.6480000000000006e-03	-2.1963869564391210e+05	1.5562095649705221e+04
1.7795000000000005e-03	-2.4028956093302436e+05	1.3763830425791193e+04
1.9215000000000002e-03	-1.6673945283644152e+05	1.5674070499506968e+04
2.0749999999999996e-03	-1.4749135046665004e+05	1.4558422367402512e+04
2.2404999999999999e-03	-1.0202515253574737e+05	1.3176837079242498e+04
2.4190000000000001e-03	-1.0580639891156353e+05	1.4466708174226189e+04
2.6119999999999997e-03	-9.7063687908629421e+04	1.3450565842849775e+04
2.8204999999999997e-03	-5.1223612524180491e+04	1.0504625681430012e+04
3.0455000000000000e-03	-4.8777703874064864e+04	1.1979641834567650e+04
3.2885000000000002e-03	-1.5965555153714449e+04	1.1238343143330258e+04
3.5504999999999998e-03	-2.5799559391215869e+04	1.1620168413692430e+04
3.8339999999999997e-03	-4.0565782482790819e+04	1.1389449395136904e+04
4.1399999999999996e-03	-4.2722267526341006e+04	1.0035432266860385e+04
4.4700000000000000e-03	-4.2787371487214528e+04	9.8487040154870683e+03
4.8205000000000019e-03	1.4181162971863148e+04	9.0136981282482666e+03
