x		y		e
0.0000000000000000e+00	5.1350326557554524e+01	0.0000000000000000e+00
2.3841857910156250e-01	7.4064767937815001e-03	0.0000000000000000e+00
4.7683715820312500e-01	4.6865274440581828e-03	0.0000000000000000e+00
7.1525573730468750e-01	4.9025930781881229e-03	0.0000000000000000e+00
9.5367431640625000e-01	4.9139903969789159e-03	0.0000000000000000e+00
1.1920928955078125e+00	3.4796442074425428e-03	0.0000000000000000e+00
1.4305114746093750e+00	3.4691695623228261e-03	0.0000000000000000e+00
1.6689300537109375e+00	2.5010797136205197e-03	0.0000000000000000e+00
1.9073486328125000e+00	3.3449227192521133e-03	0.0000000000000000e+00
2.1457672119140625e+00	2.7979229196244959e-03	0.0000000000000000e+00
2.3841857910156250e+00	2.2891356579459454e-03	0.0000000000000000e+00
2.6226043701171875e+00	3.1768622214672234e-03	0.0000000000000000e+00
2.8610229492187500e+00	3.5358793692824020e-03	0.0000000000000000e+00
3.0994415283203125e+00	5.1981627438249791e-03	0.0000000000000000e+00
3.3378601074218750e+00	3.5744171254983113e-03	0.0000000000000000e+00
3.5762786865234375e+00	5.6411058149410109e-03	0.0000000000000000e+00
3.8146972656250000e+00	1.9737880674811853e-03	0.0000000000000000e+00
4.1723251342773438e+00	3.0601213795483561e-03	1.5154358780002555e-04
4.5299530029296875e+00	4.8039488440094749e-03	0.0000000000000000e+00
4.8875808715820312e+00	3.2935835065647069e-03	7.3860903781789897e-04
5.2452087402343750e+00	1.8260820877163753e-03	0.0000000000000000e+00
5.6028366088867188e+00	5.2013434194098356e-03	4.7374268590082348e-04
6.0796737670898438e+00	3.4487531403630716e-03	6.6138767513013673e-04
6.5565109252929688e+00	3.5845266107651205e-03	2.7566210879805518e-04
7.0333480834960938e+00	3.6803759490784899e-03	4.4933094822102173e-04
7.6293945312500000e+00	3.6506327002501144e-03	9.9360769811145805e-04
8.2254409790039062e+00	3.8908054763142665e-03	9.0794553564135750e-04
8.8214874267578125e+00	3.4424094957870503e-03	6.2566108981174399e-04
9.5367431640625000e+00	3.7367425510370935e-03	2.2347531929776927e-04
1.0371208190917969e+01	3.0091932735134266e-03	4.9023269211765275e-04
1.1205673217773438e+01	2.9925982230743805e-03	1.4601072776943116e-04
1.2040138244628906e+01	3.9757479575363488e-03	6.2234499180212224e-04
1.3113021850585938e+01	5.4955161227250113e-03	4.7347063080085792e-04
1.4185905456542969e+01	3.3489569181643216e-03	4.8053304761147368e-04
1.5258789062500000e+01	3.3931547087900143e-03	5.8258074534818733e-04
1.6450881958007812e+01	2.9101123203346801e-03	2.2507976609588537e-04
1.7762184143066406e+01	3.8362470764432520e-03	4.2986622027776521e-04
1.9192695617675781e+01	2.7777086868783344e-03	4.1284971944915912e-04
2.0742416381835938e+01	3.4548619407482428e-03	3.3235817694162432e-04
2.2411346435546875e+01	3.0742385442171600e-03	2.6619146510838262e-04
2.4199485778808594e+01	2.8665195875282093e-03	3.3878313261833786e-04
2.6106834411621094e+01	3.1126476437222965e-03	1.8821611175831238e-04
2.8133392333984375e+01	2.8534564339781645e-03	3.0875892899835683e-04
3.0398368835449219e+01	3.2141346780125229e-03	2.9121890448519739e-04
3.2901763916015625e+01	3.0079195415275151e-03	2.9910445248420350e-04
3.5524368286132812e+01	2.7962336561372990e-03	3.6345236132480119e-04
3.8266181945800781e+01	2.7307521398800528e-03	2.4714998604207482e-04
4.1365623474121094e+01	2.6586201307947010e-03	2.0077620484796057e-04
4.4703483581542969e+01	2.5432864836703989e-03	1.5315795149118652e-04
4.8279762268066406e+01	2.4343591408875361e-03	1.6100053138446490e-04
5.2094459533691406e+01	2.5437713807355124e-03	1.8213936809267225e-04
5.6266784667968750e+01	2.2538098641776195e-03	9.9633356949228245e-05
6.0796737670898438e+01	2.4730331574600015e-03	1.6055053339847841e-04
6.5565109252929688e+01	2.3033819263617366e-03	1.6340731466855273e-04
7.0810317993164062e+01	2.2987382573428782e-03	1.4324687649660157e-04
7.6532363891601562e+01	2.3712988396708879e-03	1.3776719126155671e-04
8.2612037658691406e+01	2.1835546540573355e-03	1.2156915108031357e-04
8.9168548583984375e+01	1.8942835594049469e-03	1.1748264411688578e-04
9.6321105957031250e+01	1.9683396553704618e-03	1.0954786261831418e-04
1.0395050048828125e+02	1.7231247777058565e-03	8.6085365487462208e-05
1.1229515075683594e+02	1.8062833295528111e-03	8.4622060439594373e-05
1.2135505676269531e+02	1.7497605651977403e-03	9.0169732559616846e-05
1.3101100921630859e+02	1.6093825591296587e-03	6.5199971310615242e-05
1.4138221740722656e+02	1.4361245128711600e-03	5.1351151451807642e-05
1.5258789062500000e+02	1.3442431544730439e-03	5.8157347941017184e-05
1.6474723815917969e+02	1.2823973019447025e-03	4.3371988312962273e-05
1.7797946929931641e+02	1.1659426399965548e-03	4.5447629470504021e-05
1.9216537475585938e+02	1.0916195447009125e-03	4.6719882851735454e-05
2.0742416381835938e+02	9.4147589728921298e-04	3.0614727048348170e-05
2.2399425506591797e+02	9.2130540707888577e-04	3.5171942239143919e-05
2.4187564849853516e+02	8.0074412993098474e-04	2.7375303922857860e-05
2.6118755340576172e+02	7.4603899041016520e-04	2.1869587966972382e-05
2.8204917907714844e+02	6.5922099043888192e-04	1.9540202614935361e-05
3.0457973480224609e+02	5.7805670625379554e-04	1.7268841615815167e-05
3.2889842987060547e+02	5.4482669447555681e-04	1.7151503622024837e-05
3.5512447357177734e+02	4.6543704464920894e-04	1.2838688555738371e-05
3.8337707519531250e+02	3.9984426771053489e-04	1.0631632407139216e-05
4.1389465332031250e+02	3.4870357209864392e-04	8.2359967010745162e-06
4.4691562652587891e+02	3.0801832964071166e-04	7.5743784941321498e-06
4.8267841339111328e+02	2.5985741479477644e-04	6.5907962525563321e-06
5.2118301391601562e+02	2.3708977846447580e-04	5.4370697288594228e-06
5.6266784667968750e+02	1.9086747232682452e-04	4.2317833829862639e-06
6.0760974884033203e+02	1.7399265586111836e-04	3.6354673510640264e-06
6.5612792968750000e+02	1.5267439576359336e-04	3.0266962957324217e-06
7.0846080780029297e+02	1.3050713380566314e-04	2.4189689173116389e-06
7.6496601104736328e+02	1.1073637790887584e-04	2.1171875210422248e-06
8.2600116729736328e+02	9.7196700181429840e-05	1.6774370585426012e-06
8.9192390441894531e+02	8.5543773555432604e-05	1.5471841771122423e-06
9.6309185028076172e+02	7.0730265578404736e-05	1.1456172937783386e-06
1.0398626327514648e+03	6.0628630669267565e-05	9.2128143042489476e-07
1.1228322982788086e+03	5.2125316393498593e-05	8.2602063898492389e-07
1.2124776840209961e+03	4.5195282535308046e-05	6.8960954557741901e-07
1.3091564178466797e+03	3.9294485944421333e-05	5.5540316888753379e-07
1.4135837554931641e+03	3.2924321678569881e-05	4.5240634785440038e-07
1.5263557434082031e+03	2.9022902842113995e-05	3.8652360909064884e-07
1.6480684280395508e+03	2.4246313863890821e-05	3.2227526889914955e-07
1.7795562744140625e+03	2.0881696206411944e-05	2.5000604762772527e-07
1.9215345382690430e+03	1.8165221580526567e-05	2.1482895138172779e-07
2.0748376846313477e+03	1.5372685157432944e-05	1.7253881254816268e-07
2.2404193878173828e+03	1.3302087850943848e-05	1.4477203141668206e-07
2.4191141128540039e+03	1.1110875397941278e-05	1.1364777925408055e-07
2.6121139526367188e+03	9.6293763688550953e-06	9.6957683106329067e-08
2.8204917907714844e+03	8.1925321154709694e-06	8.0625302496702760e-08
3.0454397201538086e+03	7.0815058778113973e-06	6.5564836459221512e-08
3.2883882522583008e+03	6.0816702340694067e-06	5.5670658651917538e-08
3.5507678985595703e+03	5.1335758898713025e-06	4.6356468917760746e-08
3.8340091705322266e+03	4.4259158220333336e-06	3.7427002235052141e-08
4.1397809982299805e+03	3.7476722979873337e-06	3.0070399573246126e-08
4.4701099395751953e+03	3.2006456654431772e-06	2.4820895381126859e-08
4.8267841339111328e+03	2.7767418828850534e-06	2.0638565312863809e-08
5.2118301391601562e+03	2.3193578495355299e-06	1.6714266061153362e-08
5.6276321411132812e+03	1.9772475147145071e-06	1.4000550920206623e-08
6.0765743255615234e+03	1.7185144110359132e-06	1.1370139593117624e-08
6.5612792968750000e+03	1.4537279078087099e-06	9.2361792172497962e-09
7.0847272872924805e+03	1.2241967127710192e-06	7.4521555099654115e-09
7.6498985290527344e+03	1.0575427968851002e-06	6.2136958949144052e-09
8.2601308822631836e+03	9.0660666554547288e-07	5.1050622313999117e-09
8.9191198348999023e+03	7.7582399176431324e-07	4.2046656480620883e-09
9.6306800842285156e+03	6.5935744134610855e-07	3.5011229006785264e-09
1.0398983955383301e+04	5.6485625087714422e-07	2.9283360194613225e-09
1.1228442192077637e+04	4.8143853911319208e-07	2.3570437652328829e-09
1.2124180793762207e+04	4.0908368850592292e-07	1.8574070631869778e-09
1.3091444969177246e+04	3.4909482026759748e-07	1.5542245324183510e-09
1.4135718345642090e+04	2.9678863958668645e-07	1.2780771526117536e-09
1.5263438224792480e+04	2.5259261681331010e-07	1.0634081782852270e-09
1.6481161117553711e+04	2.1400218265213155e-07	8.4662026285732682e-10
1.7795920372009277e+04	1.8213890123869097e-07	6.9982341453895494e-10
1.9215583801269531e+04	1.5458447476688198e-07	5.6852423209874854e-10
2.0748496055603027e+04	1.3173681560765111e-07	4.7765781071593438e-10
2.2403717041015625e+04	1.1245215319520936e-07	3.8776775940675573e-10
2.4191021919250488e+04	9.5677218458568736e-08	3.1798852064912366e-10
2.6120781898498535e+04	8.0854886032342552e-08	2.5697824646506396e-10
2.8204560279846191e+04	6.9142119702280833e-08	2.1332066080121168e-10
3.0454635620117188e+04	5.8551547460842170e-08	1.7155910373078412e-10
3.2884120941162109e+04	4.9711210022551579e-08	1.3927036537030020e-10
3.5507440567016602e+04	4.1894139261553384e-08	1.1413542193816467e-10
3.8340091705322266e+04	3.5899496480224981e-08	9.4632108819261886e-11
4.1398644447326660e+04	3.0275020699772906e-08	7.7292395223579389e-11
4.4701218605041504e+04	2.5711356135393570e-08	6.2810335320169194e-11
4.8267364501953125e+04	2.1742536618009177e-08	5.0876803543711373e-11
5.2117824554443359e+04	1.8372132977303885e-08	4.1606963677839276e-11
5.6275486946105957e+04	1.5513625555002085e-08	3.3715103234156922e-11
6.0764908790588379e+04	1.3109880602504628e-08	2.7604888055814026e-11
6.5612435340881348e+04	1.1052167208303815e-08	2.2289605149353511e-11
7.0846676826477051e+04	9.3472508655958988e-09	1.8156816472834606e-11
7.6498508453369141e+04	7.8659994696074228e-09	1.4698045877102288e-11
8.2601189613342285e+04	6.6547988940818969e-09	1.1946931232368003e-11
8.9190721511840820e+04	5.6091384632056633e-09	9.7687729432508717e-12
9.6305966377258301e+04	4.7092521317080542e-09	7.8684737142305329e-12
1.0398876667022705e+05	3.9687334362265346e-09	6.3881743863235787e-12
1.1228442192077637e+05	3.3291978051609707e-09	5.1560895467840892e-12
1.2124192714691162e+05	2.7982837768929263e-09	4.1675202460612819e-12
1.3091409206390381e+05	2.3572902413404636e-09	3.3865186376610870e-12
1.4135777950286865e+05	1.9740877277318565e-09	2.7129045770861835e-12
1.5263462066650391e+05	1.6555715479805111e-09	2.1977833951296638e-12
1.6481113433837891e+05	1.3843793111140369e-09	1.7614381790147651e-12
1.7795896530151367e+05	1.1578402473558904e-09	1.4236849485789379e-12
1.9215559959411621e+05	9.6796753772392230e-10	1.1434484454689702e-12
2.0748484134674072e+05	8.0935215458135354e-10	9.2112572690965963e-13
2.2403705120086670e+05	6.7722962471664404e-10	7.4279251895733925e-13
2.4190962314605713e+05	5.6583615279872982e-10	5.9582002577397518e-13
2.6120793819427490e+05	4.7335768398983042e-10	4.7864699603906439e-13
2.8204584121704102e+05	3.9563115945504287e-10	3.8631601983756003e-13
3.0454611778259277e+05	3.3074196092016645e-10	3.1110480881603604e-13
3.2884132862091064e+05	2.7688628901375383e-10	2.5293217403747671e-13
3.5507464408874512e+05	2.3372095720451710e-10	2.0256038648002665e-13
3.8340079784393311e+05	1.9865298714838517e-10	1.6545838672382442e-13
4.1398668289184570e+05	1.7187888599101537e-10	1.3704482663085897e-13
4.4701254367828369e+05	1.5415936177044435e-10	1.1848229667330286e-13
4.8207950592041016e+05	1.4449827971461936e-10	1.0753817934611080e-13
