x		y		e
0.0000000000000000e+00	7.8012926479354503e+00	0.0000000000000000e+00
2.3841857910156250e-01	2.0699354173180518e-02	0.0000000000000000e+00
4.7683715820312500e-01	2.6266713808064585e-02	0.0000000000000000e+00
7.1525573730468750e-01	3.2264826703240934e-02	0.0000000000000000e+00
9.5367431640625000e-01	2.6395982015115827e-02	0.0000000000000000e+00
1.1920928955078125e+00	2.1249131323186784e-02	0.0000000000000000e+00
1.4305114746093750e+00	3.1378579720592513e-02	0.0000000000000000e+00
1.6689300537109375e+00	2.0865852538795766e-02	0.0000000000000000e+00
1.9073486328125000e+00	2.1522973171858629e-02	0.0000000000000000e+00
2.1457672119140625e+00	1.5192601150357797e-02	0.0000000000000000e+00
2.3841857910156250e+00	3.4004093880839942e-02	0.0000000000000000e+00
2.6226043701171875e+00	3.2168574318983630e-02	0.0000000000000000e+00
2.8610229492187500e+00	1.1964509598224940e-02	0.0000000000000000e+00
3.0994415283203125e+00	2.1823480994027394e-02	0.0000000000000000e+00
3.3378601074218750e+00	2.3538779704233074e-02	0.0000000000000000e+00
3.5762786865234375e+00	2.5571532509787012e-02	0.0000000000000000e+00
3.8146972656250000e+00	2.9208496530922796e-02	0.0000000000000000e+00
4.1723251342773438e+00	2.0285526035016994e-02	1.1936136692924737e-03
4.5299530029296875e+00	1.3028895616163149e-02	0.0000000000000000e+00
4.8875808715820312e+00	2.1928114428363121e-02	1.5621300450134970e-03
5.2452087402343750e+00	2.5928880483394274e-02	0.0000000000000000e+00
5.6028366088867188e+00	1.6309124780013295e-02	3.5045106847963895e-03
6.0796737670898438e+00	2.0727660571354362e-02	2.6006677001790207e-03
6.5565109252929688e+00	1.9666402872874387e-02	3.4451955892289632e-03
7.0333480834960938e+00	2.1256766730022206e-02	5.9853303797174255e-04
7.6293945312500000e+00	2.0273686862916016e-02	9.4974105220573435e-04
8.2254409790039062e+00	1.7109724436669478e-02	1.3362954050019494e-04
8.8214874267578125e+00	1.8610651572576634e-02	1.9409421245575168e-03
9.5367431640625000e+00	1.2931640734541372e-02	2.0933855885063805e-03
1.0371208190917969e+01	1.8782452692915660e-02	2.1532595348580205e-03
1.1205673217773438e+01	1.6462732942173073e-02	2.0043033310136907e-03
1.2040138244628906e+01	1.4336016020195675e-02	9.7119260968444394e-04
1.3113021850585938e+01	1.8667351782643629e-02	9.6743091783658139e-04
1.4185905456542969e+01	1.3844116854892549e-02	3.2518821741541904e-03
1.5258789062500000e+01	1.4205341525219042e-02	1.3121101590674565e-03
1.6450881958007812e+01	1.9260967757510742e-02	1.2624741124294882e-03
1.7762184143066406e+01	1.8277708066821309e-02	3.3078961591101034e-03
1.9192695617675781e+01	1.1770341888757843e-02	1.8182466033847900e-03
2.0742416381835938e+01	1.2603756995014573e-02	1.2237154703115970e-03
2.2411346435546875e+01	1.2179193454069348e-02	1.6133147466549913e-03
2.4199485778808594e+01	1.1637445097207710e-02	1.2625564262424593e-03
2.6106834411621094e+01	1.5739621107369761e-02	1.2856934269095900e-03
2.8133392333984375e+01	1.2043844085259244e-02	7.6901655456458834e-04
3.0398368835449219e+01	1.0683419078664668e-02	7.0134142361337872e-04
3.2901763916015625e+01	9.0742052959151727e-03	8.9628299811410329e-04
3.5524368286132812e+01	9.3553725176263383e-03	9.2952198431295546e-04
3.8266181945800781e+01	1.0143854332246729e-02	9.0588637247514660e-04
4.1365623474121094e+01	9.6225862282997478e-03	8.1042974052326260e-04
4.4703483581542969e+01	9.0542486540961028e-03	6.7639773046528117e-04
4.8279762268066406e+01	8.3042186251146809e-03	6.5240779956294887e-04
5.2094459533691406e+01	8.4952244982834865e-03	5.6479272486061743e-04
5.6266784667968750e+01	7.6441450495447379e-03	6.1329185200278741e-04
6.0796737670898438e+01	7.4814727436291169e-03	5.8745750253938738e-04
6.5565109252929688e+01	7.1068560767172263e-03	3.5669759105949627e-04
7.0810317993164062e+01	6.2678002152375982e-03	4.1033227204710204e-04
7.6532363891601562e+01	6.1479985567408349e-03	2.8871120976782278e-04
8.2612037658691406e+01	5.5051996029226585e-03	4.0590283664244145e-04
8.9168548583984375e+01	5.3336865062599539e-03	2.6869477606086508e-04
9.6321105957031250e+01	5.2708081230270652e-03	2.6245373178958721e-04
1.0395050048828125e+02	4.7551115560403668e-03	2.6479456861452737e-04
1.1229515075683594e+02	5.1758836719560221e-03	2.3559806649434313e-04
1.2135505676269531e+02	4.3534838045030276e-03	1.8406584658983471e-04
1.3101100921630859e+02	4.5211387001170850e-03	1.9586716954342120e-04
1.4138221740722656e+02	4.0934319802748411e-03	1.6312003368761785e-04
1.5258789062500000e+02	3.5586667518229917e-03	1.5049369518046649e-04
1.6474723815917969e+02	3.4003848814877120e-03	1.5018820451484689e-04
1.7797946929931641e+02	3.2157214139424965e-03	1.1797773900825049e-04
1.9216537475585938e+02	3.0375090282287629e-03	1.0221789873261910e-04
2.0742416381835938e+02	2.7304882715402643e-03	1.0681305010800024e-04
2.2399425506591797e+02	2.4812648439256442e-03	9.1161082423511691e-05
2.4187564849853516e+02	2.3807052790366968e-03	7.4898720718559255e-05
2.6118755340576172e+02	1.8608607239473639e-03	5.2969630375794316e-05
2.8204917907714844e+02	1.7688088442519509e-03	5.0151942887470075e-05
3.0457973480224609e+02	1.5931329448689747e-03	4.8050944991639237e-05
3.2889842987060547e+02	1.4243288113326609e-03	3.7438506893876906e-05
3.5512447357177734e+02	1.2784021885926370e-03	3.4175763626342698e-05
3.8337707519531250e+02	1.1454551243578579e-03	2.6566268221672130e-05
4.1389465332031250e+02	1.0208511235336843e-03	2.5765305838391808e-05
4.4691562652587891e+02	8.8855031946193791e-04	2.2940206980801057e-05
4.8267841339111328e+02	7.2882458429592001e-04	1.7195537583239457e-05
5.2118301391601562e+02	6.6707646654206091e-04	1.4045721237230882e-05
5.6266784667968750e+02	5.8375481612952639e-04	1.1895820109092987e-05
6.0760974884033203e+02	4.9743819762562507e-04	1.0543300666908766e-05
6.5612792968750000e+02	4.4037865949940686e-04	8.8056986212564801e-06
7.0846080780029297e+02	3.8156013685257390e-04	8.0264123478254107e-06
7.6496601104736328e+02	3.1908461117667971e-04	5.2810827226239413e-06
8.2600116729736328e+02	2.7581387029086598e-04	4.5851824237018727e-06
8.9192390441894531e+02	2.3833435478850894e-04	4.1663388008132655e-06
9.6309185028076172e+02	2.0875331090577682e-04	3.5918461006974876e-06
1.0398626327514648e+03	1.8245908169150295e-04	2.9862762534119958e-06
1.1228322982788086e+03	1.5569349108373980e-04	2.4100682221849307e-06
1.2124776840209961e+03	1.3395243533633754e-04	2.0191816200617939e-06
1.3091564178466797e+03	1.1282412973064031e-04	1.5756272215765937e-06
1.4135837554931641e+03	9.7359266343266670e-05	1.3075091810845116e-06
1.5263557434082031e+03	8.4177208722398527e-05	1.0446108453043067e-06
1.6480684280395508e+03	7.0530434771615036e-05	8.8332126448364568e-07
1.7795562744140625e+03	6.0414967697720114e-05	7.0633304164739641e-07
1.9215345382690430e+03	5.2200584621876620e-05	6.0925885374230692e-07
2.0748376846313477e+03	4.4505291090989347e-05	5.0147103120230867e-07
2.2404193878173828e+03	3.7615388479045934e-05	4.1098018502554681e-07
2.4191141128540039e+03	3.3662244749240403e-05	3.3144152723976251e-07
2.6121139526367188e+03	2.8362085469710045e-05	2.8407343073421216e-07
2.8204917907714844e+03	2.3774391691861369e-05	2.3344778722848508e-07
3.0454397201538086e+03	2.0328021864433362e-05	1.9075686104068243e-07
3.2883882522583008e+03	1.7294200676355755e-05	1.5377440586605437e-07
3.5507678985595703e+03	1.5088757439575088e-05	1.3167636708668170e-07
3.8340091705322266e+03	1.2710411024412873e-05	1.0822914993067644e-07
4.1397809982299805e+03	1.0965856670400132e-05	8.8097895388509623e-08
4.4701099395751953e+03	9.3080154315020706e-06	6.9743887466291021e-08
4.8267841339111328e+03	8.0194511745309755e-06	6.0216093073287059e-08
5.2118301391601562e+03	6.8474535625895036e-06	4.8854134032504193e-08
5.6276321411132812e+03	5.8701802857233802e-06	4.1136014500646814e-08
6.0765743255615234e+03	5.0115147298895724e-06	3.3569955353104257e-08
6.5612792968750000e+03	4.2564588619716107e-06	2.7057241344882159e-08
7.0847272872924805e+03	3.6150071239693824e-06	2.1756141227498519e-08
7.6498985290527344e+03	3.1106200790888576e-06	1.8543245791069856e-08
8.2601308822631836e+03	2.6423838038739022e-06	1.4999274756404682e-08
8.9191198348999023e+03	2.2798921531728720e-06	1.2544126373791577e-08
9.6306800842285156e+03	1.9180006306455671e-06	9.9956438419315467e-09
1.0398983955383301e+04	1.6460762153230436e-06	8.4411648075320160e-09
1.1228442192077637e+04	1.3970864129309398e-06	6.8413316138746740e-09
1.2124180793762207e+04	1.1973055272150602e-06	5.6657895453662963e-09
1.3091444969177246e+04	1.0150443577101011e-06	4.5895525008507219e-09
1.4135718345642090e+04	8.6922990335093753e-07	3.8079794678460529e-09
1.5263438224792480e+04	7.3849385915780114e-07	3.1413156538916064e-09
1.6481161117553711e+04	6.3453113172157178e-07	2.5217248738923689e-09
1.7795920372009277e+04	5.3547314501569011e-07	2.0885745090506249e-09
1.9215583801269531e+04	4.5612972118498373e-07	1.7093693512448149e-09
2.0748496055603027e+04	3.8827631464935732e-07	1.3942440250537609e-09
2.2403717041015625e+04	3.2992694331078366e-07	1.1400034033388863e-09
2.4191021919250488e+04	2.8159676570926912e-07	9.3714454707378255e-10
2.6120781898498535e+04	2.3787133785201001e-07	7.7355996672551687e-10
2.8204560279846191e+04	2.0223661424220493e-07	6.2249103863050206e-10
3.0454635620117188e+04	1.7220317440775070e-07	5.0607912477943260e-10
3.2884120941162109e+04	1.4633938968702110e-07	4.1993408758174331e-10
3.5507440567016602e+04	1.2437979272826002e-07	3.4080603679250484e-10
3.8340091705322266e+04	1.0568961047175028e-07	2.7991144727099459e-10
4.1398644447326660e+04	9.0831501999727211e-08	7.6315403597364833e-10
4.4701218605041504e+04	7.6065682444827888e-08	1.8446742413178791e-10
4.8267364501953125e+04	6.4238854302667262e-08	1.5193593934496798e-10
5.2117824554443359e+04	5.4784307879179705e-08	1.2427420955495500e-10
5.6275486946105957e+04	4.6288481321266357e-08	1.0099338605415075e-10
6.0764908790588379e+04	3.9170205900608994e-08	8.2880369179442735e-11
6.5612435340881348e+04	3.3387839195130357e-08	6.7185335696469924e-11
7.0846676826477051e+04	2.8188752645166208e-08	5.4764530201650281e-11
7.6498508453369141e+04	2.4125420403797011e-08	1.1207399030661558e-10
8.2601189613342285e+04	2.1241821486572966e-08	2.2858780007502423e-10
8.9190721511840820e+04	1.7276818402947302e-08	2.9736717402312387e-11
9.6305966377258301e+04	1.4665957643697315e-08	2.4333886033960636e-11
1.0398876667022705e+05	1.2487985053240389e-08	1.9996796873945576e-11
1.1228442192077637e+05	1.0651611185339327e-08	1.6503779976226163e-11
1.2124192714691162e+05	9.0778582285328820e-09	1.3412554289941332e-11
1.3091409206390381e+05	7.8288459776212298e-09	1.4535312273762252e-11
1.4135777950286865e+05	6.6866802948912155e-09	9.1792791348322799e-12
1.5263462066650391e+05	5.7627961545788413e-09	7.5464349658536332e-12
1.6481113433837891e+05	5.0350364418793298e-09	8.9562554115945056e-12
1.7795896530151367e+05	4.3466468324296894e-09	5.3070647849476693e-12
1.9215559959411621e+05	3.8085595457907845e-09	4.4656345896579826e-12
2.0748484134674072e+05	3.3611511573006225e-09	3.8039212321044896e-12
2.2403705120086670e+05	2.9751255169001871e-09	3.2390701389462444e-12
2.4190962314605713e+05	2.6634082368895544e-09	2.7705563603551637e-12
2.6120793819427490e+05	2.4084402557206720e-09	2.4332111329666663e-12
2.8204584121704102e+05	2.2033174500690876e-09	2.2319374664728451e-12
3.0454611778259277e+05	2.0337489588103698e-09	1.8901649325933836e-12
3.2884132862091064e+05	1.9092544020194220e-09	4.8988371095442269e-12
3.5507464408874512e+05	1.7758634476864147e-09	1.5255649409454937e-12
3.8340079784393311e+05	1.6883450143127340e-09	1.3938127978910028e-12
4.1398668289184570e+05	1.6219485906834422e-09	1.2975540435405441e-12
4.4701254367828369e+05	1.5758814192441890e-09	1.2029503004973987e-12
4.8207950592041016e+05	1.5659749043252969e-09	1.4153227193136348e-12
