x		y		e
0.0000000000000000e+00	5.5585183344128950e+00	0.0000000000000000e+00
2.3841857910156250e-01	2.7415771386434768e-02	0.0000000000000000e+00
4.7683715820312500e-01	1.6753008584245901e-02	0.0000000000000000e+00
7.1525573730468750e-01	5.8153995173030578e-03	0.0000000000000000e+00
9.5367431640625000e-01	7.0811862797701434e-03	0.0000000000000000e+00
1.1920928955078125e+00	7.5026065086786020e-03	0.0000000000000000e+00
1.4305114746093750e+00	4.4063051499857800e-03	0.0000000000000000e+00
1.6689300537109375e+00	8.9414595659316979e-03	0.0000000000000000e+00
1.9073486328125000e+00	4.7065959956905925e-03	0.0000000000000000e+00
2.1457672119140625e+00	4.6876915134986775e-03	0.0000000000000000e+00
2.3841857910156250e+00	5.0058495872219071e-03	0.0000000000000000e+00
2.6226043701171875e+00	4.6651943274472899e-03	0.0000000000000000e+00
2.8610229492187500e+00	4.0142266360452868e-03	0.0000000000000000e+00
3.0994415283203125e+00	7.0102688849208207e-03	0.0000000000000000e+00
3.3378601074218750e+00	4.1961637484507260e-03	0.0000000000000000e+00
3.5762786865234375e+00	3.1214486601648162e-03	0.0000000000000000e+00
3.8146972656250000e+00	4.9977493544301451e-03	0.0000000000000000e+00
4.1723251342773438e+00	4.6293628127109590e-03	3.5144633439269116e-04
4.5299530029296875e+00	3.6846725081710881e-03	0.0000000000000000e+00
4.8875808715820312e+00	3.4356279291785060e-03	2.6440168473212256e-04
5.2452087402343750e+00	3.8258718770951602e-03	0.0000000000000000e+00
5.6028366088867188e+00	4.8458162894534865e-03	1.9957873438139717e-04
6.0796737670898438e+00	5.4128464527851746e-03	9.2331234680775607e-05
6.5565109252929688e+00	5.4789044226816394e-03	1.7787036714363996e-04
7.0333480834960938e+00	4.7104134012551117e-03	3.1595686088972322e-04
7.6293945312500000e+00	4.7754692076002808e-03	2.5110244742020002e-04
8.2254409790039062e+00	6.3226254312375614e-03	6.5893471456491539e-04
8.8214874267578125e+00	5.3119336576400271e-03	5.7146003300243410e-04
9.5367431640625000e+00	4.0297779302260342e-03	1.3123415070483287e-03
1.0371208190917969e+01	5.1546314955934506e-03	7.1970701098530412e-04
1.1205673217773438e+01	3.9962502735042937e-03	7.9429843168018317e-04
1.2040138244628906e+01	4.4677991503490480e-03	2.4466836323178674e-04
1.3113021850585938e+01	4.0401035304666487e-03	4.1315783094745211e-04
1.4185905456542969e+01	4.6507147961549660e-03	7.8805787374502890e-04
1.5258789062500000e+01	5.0573547427255989e-03	3.7525142565821799e-04
1.6450881958007812e+01	3.9243747660312727e-03	3.8854137342684479e-04
1.7762184143066406e+01	5.5153736388363949e-03	4.3473579749925506e-04
1.9192695617675781e+01	4.0153999507872408e-03	4.3707825869085604e-04
2.0742416381835938e+01	5.0781252313357329e-03	4.1412358695073201e-04
2.2411346435546875e+01	4.8608763126464219e-03	4.4293867022840693e-04
2.4199485778808594e+01	4.7954465716035250e-03	2.5575036115995270e-04
2.6106834411621094e+01	5.0240845575962399e-03	4.8490912024369131e-04
2.8133392333984375e+01	4.3633727168304283e-03	4.9363511252780822e-04
3.0398368835449219e+01	4.7599603083793738e-03	5.3704862705788948e-04
3.2901763916015625e+01	3.7341059381439806e-03	3.3616152607753572e-04
3.5524368286132812e+01	3.9228454217754343e-03	3.6162837791790928e-04
3.8266181945800781e+01	3.7394495612204505e-03	3.7311414949999655e-04
4.1365623474121094e+01	4.1879906947096439e-03	2.3679557481370384e-04
4.4703483581542969e+01	3.5378172997247936e-03	1.9452479718718466e-04
4.8279762268066406e+01	3.6849715003296727e-03	2.3659414998713441e-04
5.2094459533691406e+01	3.7322564847344798e-03	3.1714000923812257e-04
5.6266784667968750e+01	3.4340924558536549e-03	2.2003145928525486e-04
6.0796737670898438e+01	3.4985705420416935e-03	1.7981364387021547e-04
6.5565109252929688e+01	3.7783709037640645e-03	1.9462312080297504e-04
7.0810317993164062e+01	3.6141453994163577e-03	2.0237436318365685e-04
7.6532363891601562e+01	3.1058661116552550e-03	1.8397164301170899e-04
8.2612037658691406e+01	3.4042985199176116e-03	2.3587667351367741e-04
8.9168548583984375e+01	3.1415855061422415e-03	1.8430691082787926e-04
9.6321105957031250e+01	3.1246926238309124e-03	2.0123329529110357e-04
1.0395050048828125e+02	2.8759488437421704e-03	1.4370233117082939e-04
1.1229515075683594e+02	2.8871358993631290e-03	1.5167541804654168e-04
1.2135505676269531e+02	2.6511748381985397e-03	1.5173213285101604e-04
1.3101100921630859e+02	2.4959723754516142e-03	1.1213890356194642e-04
1.4138221740722656e+02	2.4747042761439114e-03	1.0105380013935273e-04
1.5258789062500000e+02	2.4287858517431397e-03	1.0020444643715529e-04
1.6474723815917969e+02	2.0242313527145486e-03	8.2729711668284620e-05
1.7797946929931641e+02	1.9111888866342518e-03	7.1318951530903262e-05
1.9216537475585938e+02	1.8498619538514344e-03	6.9078141549635801e-05
2.0742416381835938e+02	1.6239841325438988e-03	6.2246049788030036e-05
2.2399425506591797e+02	1.5096069476252111e-03	4.6743609887813215e-05
2.4187564849853516e+02	1.4224079704270225e-03	4.3644185599834219e-05
2.6118755340576172e+02	1.2717837901339531e-03	3.8365725996024057e-05
2.8204917907714844e+02	1.1308451761870184e-03	3.5912533695595656e-05
3.0457973480224609e+02	9.7356083018993226e-04	2.8616712349187343e-05
3.2889842987060547e+02	8.6957007229450335e-04	2.1267663046894063e-05
3.5512447357177734e+02	7.3328460191200847e-04	1.8772415577543575e-05
3.8337707519531250e+02	6.7695316130155555e-04	1.6578487808284709e-05
4.1389465332031250e+02	5.7779834921613401e-04	1.4712455468696478e-05
4.4691562652587891e+02	5.1054923415624247e-04	1.2458089614732471e-05
4.8267841339111328e+02	4.4935432181301239e-04	1.0401864460904619e-05
5.2118301391601562e+02	3.9807316781047752e-04	8.2024347674041771e-06
5.6266784667968750e+02	3.4524117012417574e-04	7.2264929982388036e-06
6.0760974884033203e+02	3.0735343269918942e-04	6.3453120169728923e-06
6.5612792968750000e+02	2.5728056262261763e-04	5.6443753608032914e-06
7.0846080780029297e+02	2.1545545333779005e-04	3.8134277116721440e-06
7.6496601104736328e+02	1.8630157098167944e-04	3.3513443778522409e-06
8.2600116729736328e+02	1.6602996193372714e-04	2.9302903532307633e-06
8.9192390441894531e+02	1.3830863387315933e-04	2.3872427641518970e-06
9.6309185028076172e+02	1.1619921249449687e-04	2.0511048266513333e-06
1.0398626327514648e+03	1.0110753251244563e-04	1.5761868867558135e-06
1.1228322982788086e+03	9.0650115089459712e-05	1.3990415993800055e-06
1.2124776840209961e+03	7.6144681768249299e-05	1.1545732709334051e-06
1.3091564178466797e+03	6.5515673554389671e-05	8.9986161141032153e-07
1.4135837554931641e+03	5.6034358191054412e-05	8.0670185862696532e-07
1.5263557434082031e+03	4.7645177705681139e-05	6.4160845024515799e-07
1.6480684280395508e+03	4.0834380831907367e-05	5.2234691180310188e-07
1.7795562744140625e+03	3.4819013658074414e-05	3.9903952339385854e-07
1.9215345382690430e+03	3.0075523559546773e-05	3.7665798248043944e-07
2.0748376846313477e+03	2.6351700673858068e-05	3.0123100799909718e-07
2.2404193878173828e+03	2.2104709045838499e-05	2.3718924509366383e-07
2.4191141128540039e+03	1.8714070308921222e-05	1.9497918650702204e-07
2.6121139526367188e+03	1.6319523178034079e-05	1.6185649490689812e-07
2.8204917907714844e+03	1.3872672812435977e-05	1.3378893214899452e-07
3.0454397201538086e+03	1.1808354605645972e-05	1.1265250040260786e-07
3.2883882522583008e+03	1.0013003918782254e-05	8.7855430626898692e-08
3.5507678985595703e+03	8.6340711925656187e-06	7.4653012919892052e-08
3.8340091705322266e+03	7.3621845609500308e-06	6.0553943926752293e-08
4.1397809982299805e+03	6.3001752697706630e-06	5.2177709880298792e-08
4.4701099395751953e+03	5.3957301235712043e-06	4.0967764199019170e-08
4.8267841339111328e+03	4.6245510819321848e-06	3.3833755265322657e-08
5.2118301391601562e+03	3.9667372275350454e-06	2.8435279803728632e-08
5.6276321411132812e+03	3.3753353900088997e-06	2.3148509154684211e-08
6.0765743255615234e+03	2.9073377655403526e-06	1.9657195555204303e-08
6.5612792968750000e+03	2.4586263329641576e-06	1.5834006714209972e-08
7.0847272872924805e+03	2.0743411580194718e-06	1.2759021282332523e-08
7.6498985290527344e+03	1.7926445234986905e-06	1.0436895398737255e-08
8.2601308822631836e+03	1.5400940348820438e-06	8.8400238534676340e-09
8.9191198348999023e+03	1.2979074638214807e-06	7.0872995882596415e-09
9.6306800842285156e+03	1.1062486786981846e-06	5.7089216969170349e-09
1.0398983955383301e+04	9.5513047614083107e-07	4.7730786776101616e-09
1.1228442192077637e+04	8.0517914988926685e-07	3.9219370620986076e-09
1.2124180793762207e+04	6.9225327328532128e-07	3.1792972103965328e-09
1.3091444969177246e+04	5.8250525775887275e-07	2.6194592573482413e-09
1.4135718345642090e+04	4.9779071201983592e-07	2.1687586022554062e-09
1.5263438224792480e+04	4.2882239176171173e-07	1.7711291817563850e-09
1.6481161117553711e+04	3.6232964286022719e-07	1.4346617507308592e-09
1.7795920372009277e+04	3.0800353835681806e-07	1.1697783872920751e-09
1.9215583801269531e+04	2.6238844186365641e-07	9.6963448476495592e-10
2.0748496055603027e+04	2.2269300046162919e-07	8.1414271987638506e-10
2.2403717041015625e+04	1.8760506922596719e-07	6.5450502013743150e-10
2.4191021919250488e+04	1.5975580013005506e-07	5.2987372830420201e-10
2.6120781898498535e+04	1.3652736036518764e-07	4.3743556847484755e-10
2.8204560279846191e+04	1.1614699658326897e-07	3.6016311743514874e-10
3.0454635620117188e+04	9.8917694930291112e-08	2.9247117816105622e-10
3.2884120941162109e+04	8.3923843048915905e-08	2.4103816952431231e-10
3.5507440567016602e+04	7.1135793616482066e-08	1.9332235595663126e-10
3.8340091705322266e+04	6.0175246150433502e-08	1.5691989519696704e-10
4.1398644447326660e+04	5.1095263728810563e-08	1.2948185900729040e-10
4.4701218605041504e+04	4.3313487698551081e-08	1.0306444461560456e-10
4.8267364501953125e+04	3.6754347322385757e-08	8.6267328171216123e-11
5.2117824554443359e+04	3.1120941799942576e-08	6.9957981250236353e-11
5.6275486946105957e+04	2.6251618529055045e-08	5.6525625729680658e-11
6.0764908790588379e+04	2.2205847154347715e-08	4.6553793045924714e-11
6.5612435340881348e+04	1.8777305503397214e-08	3.8220770666748471e-11
7.0846676826477051e+04	1.5881187545091217e-08	3.0853476667679277e-11
7.6498508453369141e+04	1.3392889949945945e-08	2.5032494151284663e-11
8.2601189613342285e+04	1.1300312481047417e-08	2.0436552714891051e-11
8.9190721511840820e+04	9.5265397498423671e-09	1.6575867757059260e-11
9.6305966377258301e+04	8.0267268584944280e-09	1.3477132732766441e-11
1.0398876667022705e+05	6.7791617763042750e-09	1.0919560701679430e-11
1.1228442192077637e+05	5.6927549863071794e-09	8.7726328293975744e-12
1.2124192714691162e+05	4.7993269021402832e-09	7.1330502521597043e-12
1.3091409206390381e+05	4.0396906098640956e-09	5.7365319814753709e-12
1.4135777950286865e+05	3.4092637942928341e-09	4.6743672802745100e-12
1.5263462066650391e+05	2.8667398390207283e-09	3.7848406551088951e-12
1.6481113433837891e+05	2.4105469090893852e-09	3.0726928228738885e-12
1.7795896530151367e+05	2.0237600692857247e-09	2.4846490202929826e-12
1.9215559959411621e+05	1.7000822572333635e-09	2.0084380383456794e-12
2.0748484134674072e+05	1.4319678120900556e-09	1.6207443879256970e-12
2.2403705120086670e+05	1.2015681510077740e-09	1.3130428808141038e-12
2.4190962314605713e+05	1.0100030480435991e-09	1.0583413324559204e-12
2.6120793819427490e+05	8.4386392242165221e-10	8.5251813456873850e-13
2.8204584121704102e+05	7.0755239886740780e-10	6.8613942556466529e-13
3.0454611778259277e+05	5.8906434196481258e-10	5.5350487232400822e-13
3.2884132862091064e+05	4.8862149293574261e-10	4.4620462819024993e-13
3.5507464408874512e+05	4.0564386769738775e-10	3.5076978476403142e-13
3.8340079784393311e+05	3.3549010970700288e-10	2.8011324553474689e-13
4.1398668289184570e+05	2.7951654336156484e-10	2.2523490598146288e-13
4.4701254367828369e+05	2.4160028673844688e-10	1.8605595038093202e-13
4.8207950592041016e+05	2.2074438454625118e-10	1.6580170365402142e-13
