x		y		e
4.9999999999999998e-07	6.3220564938384384e-04	6.3220564938384384e-04
1.9999999999999999e-06	3.3008580388527112e-03	0.0000000000000000e+00
3.0000000000000001e-06	5.4740499662374927e-03	0.0000000000000000e+00
3.9999999999999998e-06	7.7675386725314811e-03	0.0000000000000000e+00
4.9999999999999996e-06	1.0131067067927721e-02	0.0000000000000000e+00
6.0000000000000002e-06	1.2545326821391520e-02	0.0000000000000000e+00
6.9999999999999999e-06	1.4998790640194002e-02	0.0000000000000000e+00
7.9999999999999996e-06	1.7482547053417855e-02	0.0000000000000000e+00
9.0000000000000002e-06	1.9990462990830946e-02	0.0000000000000000e+00
9.9999999999999991e-06	2.2518049658181466e-02	0.0000000000000000e+00
1.1000000000000000e-05	2.5062090036860798e-02	0.0000000000000000e+00
1.2000000000000000e-05	2.7620467860620813e-02	0.0000000000000000e+00
1.2999999999999999e-05	3.0190202592609107e-02	0.0000000000000000e+00
1.4000000000000000e-05	3.2770510755981357e-02	0.0000000000000000e+00
1.4999999999999999e-05	3.5359745306219187e-02	0.0000000000000000e+00
1.6500000000000001e-05	3.9258132368462033e-02	1.3015519383215305e-03
1.8000000000000000e-05	4.3167942724564298e-02	0.0000000000000000e+00
1.8999999999999998e-05	4.5780401652915546e-02	0.0000000000000000e+00
2.0499999999999997e-05	4.9707836009686895e-02	1.3104878252737839e-03
2.2499999999999998e-05	5.4955593888830923e-02	1.3134200434690340e-03
2.4499999999999999e-05	6.0214332490258649e-02	1.3157406875360280e-03
2.6500000000000000e-05	6.5481249443494205e-02	1.3176038624028150e-03
2.8500000000000002e-05	7.0754874058193362e-02	1.3191560956122758e-03
3.0499999999999999e-05	7.6032858030880474e-02	1.3197076999084921e-03
3.2999999999999996e-05	8.2632459810144401e-02	1.5244285338409432e-03
3.5499999999999996e-05	8.9234239381789010e-02	1.3201457469681510e-03
3.7999999999999995e-05	9.5836425274691092e-02	1.5245593443235974e-03
4.0999999999999994e-05	1.0375588284815923e-01	1.5236572940465966e-03
4.4500000000000004e-05	1.1298634104991953e-01	1.7013560695499014e-03
4.8500000000000000e-05	1.2352216876800887e-01	1.6990021308092599e-03
5.2500000000000002e-05	1.3403797488609073e-01	1.6948232171066981e-03
5.6499999999999998e-05	1.4452890817073574e-01	1.6910915751193417e-03
6.0999999999999999e-05	1.5630022871026727e-01	1.8467317578357723e-03
6.6000000000000005e-05	1.6933145570355185e-01	1.8392705430117825e-03
7.0999999999999991e-05	1.8231149170213734e-01	1.8321181172999796e-03
7.6500000000000003e-05	1.9652759289900915e-01	1.9700250903504943e-03
8.2500000000000000e-05	2.1196579970272414e-01	1.9598091162026420e-03
8.8999999999999995e-05	2.2859364395497753e-01	2.0828698075534579e-03
9.5999999999999989e-05	2.4639489469257228e-01	2.0697385577807532e-03
1.0349999999999999e-04	2.6533587028009592e-01	2.1792769188983723e-03
1.1199999999999997e-04	2.8663726688045416e-01	2.2784027836752576e-03
1.2099999999999999e-04	3.0898769704170759e-01	2.2554418979862313e-03
1.3050000000000000e-04	3.3232893253826806e-01	2.3397087513743406e-03
1.4100000000000001e-04	3.5782683456970654e-01	2.4141779792144213e-03
1.5249999999999999e-04	3.8541335571339702e-01	2.4816259476115885e-03
1.6500000000000003e-04	4.1501400151851914e-01	2.5408400163181794e-03
1.7800000000000002e-04	4.4537807077038372e-01	2.5044125036426156e-03
1.9200000000000000e-04	4.7757560402658555e-01	2.6347622932077802e-03
2.0750000000000000e-04	5.1262303022762568e-01	2.6683401348840405e-03
2.2400000000000000e-04	5.4926630962186973e-01	2.6938336125020986e-03
2.4200000000000003e-04	5.8841718858466652e-01	2.7779282776547007e-03
2.6150000000000001e-04	6.2989240476234998e-01	2.7809846205530285e-03
2.8200000000000002e-04	6.7243363462820349e-01	2.7739632499071223e-03
3.0450000000000003e-04	7.1789115090603406e-01	2.8766909998432272e-03
3.2899999999999992e-04	7.6601620017886840e-01	2.8505643282300472e-03
3.5500000000000001e-04	8.1561767753492187e-01	2.8703440930731104e-03
3.8350000000000000e-04	8.6821370304239942e-01	2.9115576055107574e-03
4.1399999999999998e-04	9.2232530242984645e-01	2.8374469132380386e-03
4.4699999999999997e-04	9.7848341025747954e-01	2.8908643352629571e-03
4.8299999999999992e-04	1.0372921833209907e+00	2.8469839204485975e-03
5.2150000000000005e-04	1.0975960586817763e+00	2.8325654044920215e-03
5.6300000000000002e-04	1.1595442113231109e+00	2.7834657827567155e-03
6.0749999999999997e-04	1.2224328885010356e+00	2.7196891916513315e-03
6.5600000000000001e-04	1.2870386294731002e+00	2.6904646325865058e-03
7.0849999999999982e-04	1.3527069868611845e+00	2.5930532441356736e-03
7.6500000000000005e-04	1.4187796791593752e+00	2.5242371461296847e-03
8.2599999999999969e-04	1.4850755919205454e+00	2.4170060268856961e-03
8.9200000000000011e-04	1.5515580780874998e+00	2.3439054943671382e-03
9.6299999999999966e-04	1.6178552368127141e+00	2.2324650245324393e-03
1.0394999999999998e-03	1.6833211913824695e+00	2.1092767978717120e-03
1.1225000000000000e-03	1.7475408680711926e+00	1.9947533270249307e-03
1.2120000000000000e-03	1.8105577003445499e+00	1.8713635655251569e-03
1.3090000000000003e-03	1.8718190557877108e+00	1.7341742867138122e-03
1.4134999999999998e-03	1.9304206729832112e+00	1.5929496365071189e-03
1.5259999999999998e-03	1.9851569998574494e+00	1.4098730682563382e-03
1.6480000000000006e-03	2.0356036280923657e+00	1.2325256990303006e-03
1.7795000000000005e-03	2.0806534661238918e+00	1.0512671566126691e-03
1.9215000000000002e-03	2.1212636290171063e+00	9.2132164164286906e-04
2.0749999999999996e-03	2.1575741706498008e+00	7.7509130548315526e-04
2.2404999999999999e-03	2.1896781728575196e+00	6.7695694317567411e-04
2.4190000000000001e-03	2.2192965739445820e+00	5.9105598364378507e-04
2.6119999999999997e-03	2.2456052855361293e+00	4.9778638751063974e-04
2.8204999999999997e-03	2.2682553316864169e+00	4.2080184226386255e-04
3.0455000000000000e-03	2.2882907658413667e+00	3.3565085933502485e-04
3.2885000000000002e-03	2.3031164967269286e+00	2.3297322065788265e-04
3.5504999999999998e-03	2.3143013659396146e+00	1.6093608812302863e-04
3.8339999999999997e-03	2.3220840191198886e+00	1.0184929402091901e-04
4.1399999999999996e-03	2.3266765673224978e+00	6.1800205402373805e-05
4.4700000000000000e-03	2.3330165367079734e+00	1.6631604476198772e-04
4.8205000000000019e-03	2.3431621867615404e+00	1.0505046501969962e-04
