x		y		e
4.9999999999999998e-07	4.5090696790759850e+08	2.4329250710677993e+08
1.9999999999999999e-06	4.0959853655216500e+07	0.0000000000000000e+00
3.0000000000000001e-06	3.1827718368531551e+07	0.0000000000000000e+00
3.9999999999999998e-06	1.9167158581750937e+07	0.0000000000000000e+00
4.9999999999999996e-06	1.3737064074453449e+07	0.0000000000000000e+00
6.0000000000000002e-06	1.0689420271018717e+07	0.0000000000000000e+00
6.9999999999999999e-06	8.2689775205600830e+06	0.0000000000000000e+00
7.9999999999999996e-06	6.4867894290508172e+06	0.0000000000000000e+00
9.0000000000000002e-06	5.4785028843044965e+06	0.0000000000000000e+00
9.9999999999999991e-06	4.4280529126993204e+06	0.0000000000000000e+00
1.1000000000000000e-05	4.1994328951172950e+06	0.0000000000000000e+00
1.2000000000000000e-05	3.2555235660272874e+06	0.0000000000000000e+00
1.2999999999999999e-05	3.0780085552220354e+06	0.0000000000000000e+00
1.4000000000000000e-05	2.3849632713511013e+06	0.0000000000000000e+00
1.4999999999999999e-05	2.1424128686727979e+06	0.0000000000000000e+00
1.6500000000000001e-05	1.8342067403701418e+06	5.7657722078861581e+04
1.8000000000000000e-05	1.5723305882565835e+06	0.0000000000000000e+00
1.8999999999999998e-05	1.3960047558275824e+06	0.0000000000000000e+00
2.0499999999999997e-05	1.0761403875317397e+06	1.0848668523731169e+05
2.2499999999999998e-05	9.3823596116185095e+05	2.8073074989745652e+04
2.4499999999999999e-05	6.7895614041126054e+05	4.3012884813831479e+04
2.6500000000000000e-05	4.4744301324833889e+05	3.8406159386917774e+04
2.8500000000000002e-05	5.1053506267858716e+05	2.1749980775378623e+04
3.0499999999999999e-05	3.0664486988906807e+05	2.2495997376549651e+04
3.2999999999999996e-05	1.2756547092166154e+05	6.7610281437481317e+04
3.5499999999999996e-05	-9.0022627524595038e+04	2.8967830615483725e+05
3.7999999999999995e-05	-4.6344317700434454e+04	6.6476259679397888e+04
4.0999999999999994e-05	-1.6906752512699031e+05	1.0534750179575148e+05
4.4500000000000004e-05	-3.3505172426095570e+05	6.0611480368942517e+04
4.8500000000000000e-05	-2.0975217339257235e+05	7.5682015614237884e+04
5.2500000000000002e-05	-3.2119391994214716e+05	3.7107964522155817e+04
5.6499999999999998e-05	-3.1989718348419864e+05	3.8617943511938240e+04
6.0999999999999999e-05	-3.9114513929299888e+05	5.5590375496354987e+04
6.6000000000000005e-05	-5.2985510477368743e+05	3.3691739433440394e+04
7.0999999999999991e-05	-5.8154733340296929e+05	7.6119638401032382e+04
7.6500000000000003e-05	-5.1895341051346000e+05	4.7292840862352190e+04
8.2500000000000000e-05	-5.4326617225939315e+05	7.2429296168915898e+04
8.8999999999999995e-05	-5.8360416219801421e+05	2.9660690293225718e+04
9.5999999999999989e-05	-6.0290719197255187e+05	4.2426714301871609e+04
1.0349999999999999e-04	-6.9356771203519427e+05	2.0042448274218073e+04
1.1199999999999997e-04	-6.5655454234751128e+05	3.3439417176265350e+04
1.2099999999999999e-04	-5.6053494235956739e+05	3.9672953101038329e+04
1.3050000000000000e-04	-6.8705595925750595e+05	2.2062412222392646e+04
1.4100000000000001e-04	-6.4376896936706535e+05	2.6766706551666201e+04
1.5249999999999999e-04	-7.8264591737065197e+05	2.9068140775788259e+04
1.6500000000000003e-04	-6.7749178226119489e+05	2.6183834057365322e+04
1.7800000000000002e-04	-5.6339105933876883e+05	3.5517493223880774e+04
1.9200000000000000e-04	-6.2749078173485573e+05	2.4243722566763365e+04
2.0750000000000000e-04	-6.1549702520186093e+05	2.8976000545221836e+04
2.2400000000000000e-04	-6.2752541003896925e+05	3.0834335285033347e+04
2.4200000000000003e-04	-5.8681617617458745e+05	2.9244159796770389e+04
2.6150000000000001e-04	-7.2669539939907915e+05	2.4238854289983887e+04
2.8200000000000002e-04	-6.6989756149562472e+05	2.6957445293612687e+04
3.0450000000000003e-04	-6.1795104450478754e+05	3.0834805722164121e+04
3.2899999999999992e-04	-5.9950556778091751e+05	2.0110156376959701e+04
3.5500000000000001e-04	-5.6260032055924099e+05	2.4599607235002972e+04
3.8350000000000000e-04	-5.5087339847129071e+05	2.2140386752119586e+04
4.1399999999999998e-04	-5.4626552193291660e+05	1.4819698532499269e+04
4.4699999999999997e-04	-5.1707798062345787e+05	1.9092501152682260e+04
4.8299999999999992e-04	-5.2510719420231320e+05	1.8692525739446919e+04
5.2150000000000005e-04	-4.9689376402320398e+05	2.2004581130617724e+04
5.6300000000000002e-04	-4.7015864728082658e+05	2.1940927614370128e+04
6.0749999999999997e-04	-4.5313930914678628e+05	1.9020357468417627e+04
6.5600000000000001e-04	-4.2804689096763654e+05	2.1793364966273468e+04
7.0849999999999982e-04	-4.5711025572336279e+05	1.5876244999564118e+04
7.6500000000000005e-04	-3.9004227062254073e+05	1.3701428853320416e+04
8.2599999999999969e-04	-4.1045522440856008e+05	1.3796601739210742e+04
8.9200000000000011e-04	-3.3283017147497338e+05	1.2782320393899721e+04
9.6299999999999966e-04	-3.0389423129133444e+05	1.8619689058879241e+04
1.0394999999999998e-03	-3.2375953159725771e+05	1.1269359499890208e+04
1.1225000000000000e-03	-2.5310393244153837e+05	1.2085739984298631e+04
1.2120000000000000e-03	-2.0904551558823243e+05	1.2137419354794187e+04
1.3090000000000003e-03	-2.4903377253841306e+05	9.2466837884437791e+03
1.4134999999999998e-03	-1.6252588531373828e+05	1.1687725237080875e+04
1.5259999999999998e-03	-1.5997531526064946e+05	1.0467721516870306e+04
1.6480000000000006e-03	-1.4194220898505693e+05	8.7172806927581751e+03
1.7795000000000005e-03	-1.1396425892887241e+05	9.7182142921289178e+03
1.9215000000000002e-03	-1.0526229185866892e+05	9.4270325084156357e+03
2.0749999999999996e-03	-9.1990265419364659e+04	8.9492534096845393e+03
2.2404999999999999e-03	-7.5738966398625533e+04	7.0912869810648263e+03
2.4190000000000001e-03	-7.7565554685181793e+04	8.0736492828622277e+03
2.6119999999999997e-03	1.4021493587064508e+04	8.1477391799196721e+03
2.8204999999999997e-03	-5.6354373973880764e+04	6.8991840430578241e+03
3.0455000000000000e-03	-2.1937463643529991e+04	6.7682209006718313e+03
3.2885000000000002e-03	-2.8675875929001810e+04	6.8042109989375094e+03
3.5504999999999998e-03	-4.4655437182859737e+02	7.1729837031588950e+03
3.8339999999999997e-03	-2.5738340492189327e+03	6.3643568196347769e+03
4.1399999999999996e-03	-1.5121922667447569e+04	6.1626296703837015e+03
4.4700000000000000e-03	-4.2127514974519027e+03	5.8851117570364922e+03
4.8205000000000019e-03	-8.0245407142669310e+03	5.6671036785835540e+03
