x		y		e
0.0000000000000000e+00	1.4498672868837525e+01	0.0000000000000000e+00
2.3841857910156250e-01	1.4890785440773310e-02	0.0000000000000000e+00
4.7683715820312500e-01	7.4397402485676016e-03	0.0000000000000000e+00
7.1525573730468750e-01	4.7045860520708522e-03	0.0000000000000000e+00
9.5367431640625000e-01	3.4001695905630479e-03	0.0000000000000000e+00
1.1920928955078125e+00	5.4848982417029660e-03	0.0000000000000000e+00
1.4305114746093750e+00	2.4874185891836983e-03	0.0000000000000000e+00
1.6689300537109375e+00	3.3640491135852012e-03	0.0000000000000000e+00
1.9073486328125000e+00	2.0068502591613327e-03	0.0000000000000000e+00
2.1457672119140625e+00	3.0380512544792905e-03	0.0000000000000000e+00
2.3841857910156250e+00	2.2946229234842848e-03	0.0000000000000000e+00
2.6226043701171875e+00	1.9374248030975076e-03	0.0000000000000000e+00
2.8610229492187500e+00	2.8283808204480243e-03	0.0000000000000000e+00
3.0994415283203125e+00	2.8101836804432581e-03	0.0000000000000000e+00
3.3378601074218750e+00	2.3662841655292927e-03	0.0000000000000000e+00
3.5762786865234375e+00	2.0488297431521959e-03	0.0000000000000000e+00
3.8146972656250000e+00	4.5714483030811969e-03	0.0000000000000000e+00
4.1723251342773438e+00	2.5739156048938234e-03	1.6071304317228990e-04
4.5299530029296875e+00	2.5260690428892643e-03	0.0000000000000000e+00
4.8875808715820312e+00	2.7991553985351968e-03	2.6684495605276036e-04
5.2452087402343750e+00	3.1615930327840128e-03	0.0000000000000000e+00
5.6028366088867188e+00	2.4693045389724221e-03	6.1667577229329010e-04
6.0796737670898438e+00	2.6959650142548853e-03	4.9709189363483580e-04
6.5565109252929688e+00	3.0256673676367120e-03	1.7753588019847316e-05
7.0333480834960938e+00	1.8190493933097599e-03	2.2364091777016040e-04
7.6293945312500000e+00	2.6214600743997367e-03	5.0017137556120311e-04
8.2254409790039062e+00	1.9662521691689297e-03	3.5342125212325129e-04
8.8214874267578125e+00	3.1865340423391456e-03	3.3349980134719196e-04
9.5367431640625000e+00	2.3818865178695634e-03	2.6227401830740117e-04
1.0371208190917969e+01	2.3497113378718754e-03	2.4177101037109499e-04
1.1205673217773438e+01	2.4132525062467202e-03	4.3875478046658342e-04
1.2040138244628906e+01	1.9596764030529808e-03	2.6698644671176158e-04
1.3113021850585938e+01	2.0450810620509254e-03	3.3408835038277533e-04
1.4185905456542969e+01	2.3526608257097943e-03	2.2902663871055085e-04
1.5258789062500000e+01	2.6595375454934642e-03	2.5176288331618327e-04
1.6450881958007812e+01	2.1691770577825205e-03	3.2258275278238755e-04
1.7762184143066406e+01	2.2796188772207372e-03	2.6792554019427578e-04
1.9192695617675781e+01	1.8040374137435772e-03	1.4675292382179721e-04
2.0742416381835938e+01	1.8209863632671439e-03	2.3174431673027968e-04
2.2411346435546875e+01	2.6478030775835548e-03	3.4960317446451969e-04
2.4199485778808594e+01	2.3680923710756559e-03	2.5499398677370389e-04
2.6106834411621094e+01	1.8286843505662092e-03	1.6029467960570261e-04
2.8133392333984375e+01	1.7816158788982264e-03	1.8787622676059794e-04
3.0398368835449219e+01	1.5445133882536865e-03	1.3469956673255431e-04
3.2901763916015625e+01	1.7089719437651844e-03	1.8370527035342245e-04
3.5524368286132812e+01	1.6338000403443159e-03	1.4659552197584540e-04
3.8266181945800781e+01	1.5694250839970447e-03	1.5491983715834319e-04
4.1365623474121094e+01	1.4137882303729581e-03	1.3339519799738408e-04
4.4703483581542969e+01	1.5063922897624994e-03	1.4749111485062088e-04
4.8279762268066406e+01	1.3824535157019118e-03	7.0081946052749671e-05
5.2094459533691406e+01	1.3592428344363903e-03	9.8804900689384402e-05
5.6266784667968750e+01	1.1786549629665636e-03	8.2026838356651018e-05
6.0796737670898438e+01	1.1102253748883622e-03	7.7149277082888239e-05
6.5565109252929688e+01	9.7943137360012177e-04	7.1193122227410831e-05
7.0810317993164062e+01	9.8906395663596542e-04	5.3758121472927911e-05
7.6532363891601562e+01	9.8116274422342599e-04	5.9706678898779073e-05
8.2612037658691406e+01	8.8903560974858001e-04	5.6169988336608860e-05
8.9168548583984375e+01	8.1600533587986327e-04	4.6500089520654248e-05
9.6321105957031250e+01	8.1762160985483171e-04	4.3640538691141684e-05
1.0395050048828125e+02	7.2698129609389606e-04	3.5841801249671014e-05
1.1229515075683594e+02	6.9486442395194311e-04	2.6254448931819507e-05
1.2135505676269531e+02	6.4557611692447068e-04	3.2930853386776892e-05
1.3101100921630859e+02	6.5242589304489171e-04	2.9578249766568996e-05
1.4138221740722656e+02	6.0722838743274129e-04	2.3292830602886543e-05
1.5258789062500000e+02	6.0596351440033065e-04	2.7025440378960433e-05
1.6474723815917969e+02	5.6492426093080622e-04	2.2443676485439601e-05
1.7797946929931641e+02	5.0322633713867544e-04	1.7405595020117901e-05
1.9216537475585938e+02	5.2498802857936684e-04	2.0874465380601674e-05
2.0742416381835938e+02	5.0815736684105273e-04	1.5496826178799661e-05
2.2399425506591797e+02	4.4113342887258509e-04	1.4970538765831423e-05
2.4187564849853516e+02	4.2225592787153749e-04	1.2942029892445421e-05
2.6118755340576172e+02	4.1261520091798745e-04	1.2774256108296949e-05
2.8204917907714844e+02	3.6359053099869863e-04	1.1015151051806121e-05
3.0457973480224609e+02	3.4569743084469874e-04	9.9737787142324104e-06
3.2889842987060547e+02	3.1566299313439891e-04	8.7826403754504106e-06
3.5512447357177734e+02	2.9848028981948319e-04	8.0964312961725907e-06
3.8337707519531250e+02	2.7207350353033956e-04	7.1286316981643534e-06
4.1389465332031250e+02	2.5011992789943560e-04	5.9251303754787439e-06
4.4691562652587891e+02	2.3061650298315979e-04	4.9787988440001899e-06
4.8267841339111328e+02	2.0146774187198408e-04	4.7173978580119698e-06
5.2118301391601562e+02	1.7854563537965959e-04	4.1477836368270877e-06
5.6266784667968750e+02	1.6082410966600865e-04	3.8734404992949942e-06
6.0760974884033203e+02	1.5019813799005372e-04	2.9256067870624231e-06
6.5612792968750000e+02	1.2923258458869219e-04	2.5555464195779736e-06
7.0846080780029297e+02	1.1537646884151673e-04	2.2797445905734143e-06
7.6496601104736328e+02	9.9935143875901005e-05	1.9042527236291206e-06
8.2600116729736328e+02	8.6500535404105113e-05	1.6944001354387631e-06
8.9192390441894531e+02	7.6291956430508921e-05	1.3303031928317681e-06
9.6309185028076172e+02	6.6699206398749199e-05	1.1207608830904089e-06
1.0398626327514648e+03	5.8194393763203296e-05	9.5894889533757022e-07
1.1228322982788086e+03	5.0430029016452540e-05	7.7578686493030978e-07
1.2124776840209961e+03	4.2764779996441702e-05	6.1230807880217686e-07
1.3091564178466797e+03	3.7457521475609802e-05	5.2196276589694920e-07
1.4135837554931641e+03	3.2889541877442673e-05	4.3319274180103294e-07
1.5263557434082031e+03	2.8326978043068876e-05	3.7410235960779450e-07
1.6480684280395508e+03	2.4147517908912579e-05	3.0797662494099486e-07
1.7795562744140625e+03	2.1366562512674093e-05	2.5938813329088721e-07
1.9215345382690430e+03	1.8159641247998962e-05	2.0804975041981389e-07
2.0748376846313477e+03	1.5168889198810982e-05	1.7172598283259953e-07
2.2404193878173828e+03	1.3407391730904004e-05	1.5164049066890322e-07
2.4191141128540039e+03	1.1235695066960165e-05	1.1565893338395987e-07
2.6121139526367188e+03	9.6550047898356812e-06	9.4632055566965114e-08
2.8204917907714844e+03	8.3515536333307118e-06	8.1242403712177229e-08
3.0454397201538086e+03	7.2304567733453212e-06	6.7132635082643849e-08
3.2883882522583008e+03	6.1253215570271480e-06	5.3605772882460296e-08
3.5507678985595703e+03	5.2207256070764287e-06	4.6627261747843773e-08
3.8340091705322266e+03	4.5013552280160246e-06	3.7551139225634759e-08
4.1397809982299805e+03	3.9328409266097166e-06	3.1703339310178768e-08
4.4701099395751953e+03	3.2646256206474214e-06	2.6005205892199242e-08
4.8267841339111328e+03	2.8118003680511277e-06	2.1286739679946298e-08
5.2118301391601562e+03	2.4639000580373201e-06	1.7414489710444213e-08
5.6276321411132812e+03	2.0680321125350444e-06	1.3890284896538837e-08
6.0765743255615234e+03	1.7977099239475201e-06	1.1885042346080988e-08
6.5612792968750000e+03	1.5161341404376326e-06	9.5072556724453705e-09
7.0847272872924805e+03	1.2993806943541676e-06	7.8950273341054501e-09
7.6498985290527344e+03	1.0981621314759873e-06	6.5814857813937067e-09
8.2601308822631836e+03	9.4427933276720072e-07	5.3023784039740213e-09
8.9191198348999023e+03	8.1678526703233017e-07	4.4566535218203597e-09
9.6306800842285156e+03	6.9367445913108271e-07	3.6467841408405039e-09
1.0398983955383301e+04	5.9062938544766378e-07	3.0030591330555334e-09
1.1228442192077637e+04	5.0394597409856728e-07	2.4580173077243785e-09
1.2124180793762207e+04	4.3429834941038668e-07	2.0415274341817210e-09
1.3091444969177246e+04	3.6903121461106579e-07	1.6677710740667484e-09
1.4135718345642090e+04	3.1515816749403122e-07	1.3508824205212078e-09
1.5263438224792480e+04	2.6828277383186356e-07	1.1360275815302416e-09
1.6481161117553711e+04	2.2921357167504940e-07	9.3549634578913039e-10
1.7795920372009277e+04	1.9586013241633235e-07	7.5963496478552684e-10
1.9215583801269531e+04	1.6631048328081823e-07	6.1595597858576423e-10
2.0748496055603027e+04	1.4203283493065177e-07	5.0807021116545373e-10
2.2403717041015625e+04	1.2057137858423615e-07	4.1265587041249177e-10
2.4191021919250488e+04	1.0328470132485882e-07	3.4563542662338574e-10
2.6120781898498535e+04	8.7676672559261881e-08	2.7658693621643394e-10
2.8204560279846191e+04	7.4748109222510844e-08	2.2694229007664972e-10
3.0454635620117188e+04	6.3681954090809032e-08	1.8687300643706475e-10
3.2884120941162109e+04	5.3943490880192963e-08	1.5326867925716275e-10
3.5507440567016602e+04	4.6181895195527583e-08	1.2668764909525505e-10
3.8340091705322266e+04	3.9318095287227624e-08	1.0268782770236930e-10
4.1398644447326660e+04	3.3443986040665218e-08	8.5580058005183396e-11
4.4701218605041504e+04	2.8402572492987531e-08	6.9189447642564310e-11
4.8267364501953125e+04	2.4136316787913763e-08	5.6391205314658093e-11
5.2117824554443359e+04	2.0518705358567332e-08	4.6514210679295301e-11
5.6275486946105957e+04	1.7418476675622457e-08	3.8424033136460616e-11
6.0764908790588379e+04	1.4793749640273536e-08	3.0941543652362418e-11
6.5612435340881348e+04	1.2566852986818285e-08	2.5195278433972039e-11
7.0846676826477051e+04	1.0671542524773190e-08	2.0820502065770272e-11
7.6498508453369141e+04	9.0136800131093199e-09	1.6791527401836015e-11
8.2601189613342285e+04	7.6523644025254188e-09	1.3805720416824374e-11
8.9190721511840820e+04	6.4802085722601088e-09	1.1233054730478935e-11
9.6305966377258301e+04	5.4931848593090602e-09	9.0469930090878195e-12
1.0398876667022705e+05	4.6671646306824211e-09	7.4844122735415478e-12
1.1228442192077637e+05	3.9334641013294648e-09	6.0501813646025085e-12
1.2124192714691162e+05	3.3369328399877778e-09	4.9342651629057997e-12
1.3091409206390381e+05	2.8228165511330779e-09	4.0003294285090022e-12
1.4135777950286865e+05	2.3885500995836064e-09	3.2925987828310219e-12
1.5263462066650391e+05	2.0210889456875511e-09	2.6637767541800812e-12
1.6481113433837891e+05	1.7109001222168280e-09	2.1907919961228172e-12
1.7795896530151367e+05	1.4446266950703646e-09	1.7649127207816862e-12
1.9215559959411621e+05	1.2206103994708688e-09	1.4413989786029553e-12
2.0748484134674072e+05	1.0297457363087823e-09	1.1735390237526917e-12
2.2403705120086670e+05	8.7226450646348501e-10	9.5095593580421926e-13
2.4190962314605713e+05	7.3706831978472964e-10	7.7246625623889970e-13
2.6120793819427490e+05	6.2071987962922548e-10	6.2798281406448533e-13
2.8204584121704102e+05	5.2479012868038198e-10	5.0990474638373559e-13
3.0454611778259277e+05	4.4105975511643257e-10	4.1413863912087077e-13
3.2884132862091064e+05	3.7174363043273012e-10	3.3809268332905552e-13
3.5507464408874512e+05	3.1359770239170147e-10	2.7173314204310649e-13
3.8340079784393311e+05	2.6451999291363746e-10	2.2157027556337653e-13
4.1398668289184570e+05	2.2652423617179052e-10	1.8076073448757977e-13
4.4701254367828369e+05	2.0048270339226128e-10	1.5363886469370771e-13
4.8207950592041016e+05	1.8664367655955479e-10	1.3970808724970160e-13
