x		y		e
0.0000000000000000e+00	1.6542942757174275e+00	0.0000000000000000e+00
2.3841857910156250e-01	3.2795483881009353e-03	0.0000000000000000e+00
4.7683715820312500e-01	2.2162748191184513e-03	0.0000000000000000e+00
7.1525573730468750e-01	2.1221902015525727e-03	0.0000000000000000e+00
9.5367431640625000e-01	2.2674224812541726e-03	0.0000000000000000e+00
1.1920928955078125e+00	1.3965304203379522e-03	0.0000000000000000e+00
1.4305114746093750e+00	1.9142709980416867e-03	0.0000000000000000e+00
1.6689300537109375e+00	2.4343552806625666e-03	0.0000000000000000e+00
1.9073486328125000e+00	2.0988363596715445e-03	0.0000000000000000e+00
2.1457672119140625e+00	7.6481358520196104e-04	0.0000000000000000e+00
2.3841857910156250e+00	1.8370282821808315e-03	0.0000000000000000e+00
2.6226043701171875e+00	1.0645617177943128e-03	0.0000000000000000e+00
2.8610229492187500e+00	1.3416162469229965e-03	0.0000000000000000e+00
3.0994415283203125e+00	1.0258738434825465e-03	0.0000000000000000e+00
3.3378601074218750e+00	1.7063474340929174e-03	0.0000000000000000e+00
3.5762786865234375e+00	8.0761352833342334e-04	0.0000000000000000e+00
3.8146972656250000e+00	1.3169319246326111e-03	0.0000000000000000e+00
4.1723251342773438e+00	1.3768847691785330e-03	8.2536457930126040e-05
4.5299530029296875e+00	9.0769129734195539e-04	0.0000000000000000e+00
4.8875808715820312e+00	8.7130365571853516e-04	2.0645570715254757e-04
5.2452087402343750e+00	1.0520118804013721e-03	0.0000000000000000e+00
5.6028366088867188e+00	1.6254698631915868e-03	7.3984048158129667e-05
6.0796737670898438e+00	1.0094402416824524e-03	1.7058354767167668e-04
6.5565109252929688e+00	1.9239332925371896e-03	1.4794195246196746e-04
7.0333480834960938e+00	1.6113562859677516e-03	5.6685378665793251e-05
7.6293945312500000e+00	1.2561625080159070e-03	2.1530189455207485e-04
8.2254409790039062e+00	1.1939168752910902e-03	1.5784563607936875e-04
8.8214874267578125e+00	1.3910914576297335e-03	2.6284526027349107e-04
9.5367431640625000e+00	1.9605473407915811e-03	1.2710753544250471e-04
1.0371208190917969e+01	1.4981931373402957e-03	9.1579517614414789e-05
1.1205673217773438e+01	1.4215854771254845e-03	4.2692891075589228e-05
1.2040138244628906e+01	1.2317221800653760e-03	1.4249221926667546e-04
1.3113021850585938e+01	1.4807967005363942e-03	9.8829738643138596e-05
1.4185905456542969e+01	1.4259251707136043e-03	1.2860987928440930e-04
1.5258789062500000e+01	1.2540821214035490e-03	1.0699059149242450e-04
1.6450881958007812e+01	1.3502749549411555e-03	1.7990222468913526e-04
1.7762184143066406e+01	1.0207450109295344e-03	1.4395306076542887e-04
1.9192695617675781e+01	1.6655452409431231e-03	2.2918048338444711e-04
2.0742416381835938e+01	1.3339003274608872e-03	8.1374159267965417e-05
2.2411346435546875e+01	1.0827767749482028e-03	1.6204893395957453e-04
2.4199485778808594e+01	1.2104369156595732e-03	1.9842351587371073e-04
2.6106834411621094e+01	1.2842339075339216e-03	1.6395970617817231e-04
2.8133392333984375e+01	1.4016357925311308e-03	1.5336853256407151e-04
3.0398368835449219e+01	1.2590133097358821e-03	2.0827175233651286e-04
3.2901763916015625e+01	1.1760336523958075e-03	7.2010858353906463e-05
3.5524368286132812e+01	1.1662844955826806e-03	9.5906677115371991e-05
3.8266181945800781e+01	1.1154209019993996e-03	8.2680400101083505e-05
4.1365623474121094e+01	1.1439811760099677e-03	1.3355274325025257e-04
4.4703483581542969e+01	1.0389917944095468e-03	7.3774099097951459e-05
4.8279762268066406e+01	1.0253805673206778e-03	5.8132459172480175e-05
5.2094459533691406e+01	1.1148338240178283e-03	8.2283009520604762e-05
5.6266784667968750e+01	8.5868634825353365e-04	3.9171027510528335e-05
6.0796737670898438e+01	9.8132155043394978e-04	5.9680464820664202e-05
6.5565109252929688e+01	9.0060677519846713e-04	6.9019158419225313e-05
7.0810317993164062e+01	8.5580133873609061e-04	3.7338854268431799e-05
7.6532363891601562e+01	8.0474934666763265e-04	4.2556537117108471e-05
8.2612037658691406e+01	7.7659948091055324e-04	4.6256263689773812e-05
8.9168548583984375e+01	8.2021192648443133e-04	3.6544498116714516e-05
9.6321105957031250e+01	7.3159814176056593e-04	3.6136831559093124e-05
1.0395050048828125e+02	7.0979283518816320e-04	3.6704353696938470e-05
1.1229515075683594e+02	6.9031894959794378e-04	2.9346463269519382e-05
1.2135505676269531e+02	6.6088914854338398e-04	2.7676947470688516e-05
1.3101100921630859e+02	6.1066566613353530e-04	2.6895968981309503e-05
1.4138221740722656e+02	6.2147497284002317e-04	2.2417681224037635e-05
1.5258789062500000e+02	5.8590520504098642e-04	2.1170415253926411e-05
1.6474723815917969e+02	5.9158345793966797e-04	2.2475070565274660e-05
1.7797946929931641e+02	5.3363395377735228e-04	1.9027210337701381e-05
1.9216537475585938e+02	4.9933534106375889e-04	2.0186698235915026e-05
2.0742416381835938e+02	5.3423992335380796e-04	2.0691507957787295e-05
2.2399425506591797e+02	4.5349099355632545e-04	1.5199307464732798e-05
2.4187564849853516e+02	4.5350409883275185e-04	1.5840125933008698e-05
2.6118755340576172e+02	4.3274142796073244e-04	1.4498160008734819e-05
2.8204917907714844e+02	3.9753347759982329e-04	1.1385872830223859e-05
3.0457973480224609e+02	3.8393709802584899e-04	1.0784206081501170e-05
3.2889842987060547e+02	3.6720215843004638e-04	1.0735655435623369e-05
3.5512447357177734e+02	3.1972508775380984e-04	7.9705613867107859e-06
3.8337707519531250e+02	3.0391831311857889e-04	7.6315312174004109e-06
4.1389465332031250e+02	2.6646987933332867e-04	6.3308974322131972e-06
4.4691562652587891e+02	2.4963889424552870e-04	6.2142377438694589e-06
4.8267841339111328e+02	2.3835308643944023e-04	5.4902538460201961e-06
5.2118301391601562e+02	1.9687694091452367e-04	4.2044017163925996e-06
5.6266784667968750e+02	1.8439281151575330e-04	4.1618985243823075e-06
6.0760974884033203e+02	1.6417854027460895e-04	3.4449734767253503e-06
6.5612792968750000e+02	1.4770309604787934e-04	2.8339278020087218e-06
7.0846080780029297e+02	1.2563920472018723e-04	2.3274603263858388e-06
7.6496601104736328e+02	1.1565939777372499e-04	2.1992478410207543e-06
8.2600116729736328e+02	9.3656694922989892e-05	1.5569811009553502e-06
8.9192390441894531e+02	8.3791931532297965e-05	1.4413886532636436e-06
9.6309185028076172e+02	7.4496604968139819e-05	1.2948938796173248e-06
1.0398626327514648e+03	6.4687683591670207e-05	1.0055058351005022e-06
1.1228322982788086e+03	5.5188633303065501e-05	8.5236081387683022e-07
1.2124776840209961e+03	4.8449057355963427e-05	7.3659532249511060e-07
1.3091564178466797e+03	4.1298326065004495e-05	5.8255743410754005e-07
1.4135837554931641e+03	3.6809129667048054e-05	5.1772339229445626e-07
1.5263557434082031e+03	3.0959762431666676e-05	4.1376262908179165e-07
1.6480684280395508e+03	2.6867359304634279e-05	3.3004321919391378e-07
1.7795562744140625e+03	2.2911906901979754e-05	2.9248486901010607e-07
1.9215345382690430e+03	1.9940661354769857e-05	2.2913029242671560e-07
2.0748376846313477e+03	1.7425746526318810e-05	1.9332755462622294e-07
2.2404193878173828e+03	1.4685783390480101e-05	1.6498166101966104e-07
2.4191141128540039e+03	1.2644868467119059e-05	1.3576817236092946e-07
2.6121139526367188e+03	1.0819016273205384e-05	1.0684151805294993e-07
2.8204917907714844e+03	9.1433203213745992e-06	8.6099684574624440e-08
3.0454397201538086e+03	7.8700844564493965e-06	7.4845918660642739e-08
3.2883882522583008e+03	6.8693724390390299e-06	6.0937722610488234e-08
3.5507678985595703e+03	5.8740142838175649e-06	5.1000948248768651e-08
3.8340091705322266e+03	4.9819489407732824e-06	3.9373196511229621e-08
4.1397809982299805e+03	4.2860683201978751e-06	3.5304971274246761e-08
4.4701099395751953e+03	3.6780032886780976e-06	2.8382693318876735e-08
4.8267841339111328e+03	3.1351116470116233e-06	2.2891846459712506e-08
5.2118301391601562e+03	2.6870832730259208e-06	1.9533299756208224e-08
5.6276321411132812e+03	2.2923594196285147e-06	1.6013742172669652e-08
6.0765743255615234e+03	1.9546852375641606e-06	1.2846538847260517e-08
6.5612792968750000e+03	1.6699181347948432e-06	1.0516338683091557e-08
7.0847272872924805e+03	1.4335960606368473e-06	8.6181670952489593e-09
7.6498985290527344e+03	1.2197252445380684e-06	7.2353518400333310e-09
8.2601308822631836e+03	1.0512375977154073e-06	6.0087077861608363e-09
8.9191198348999023e+03	8.9198619817910290e-07	4.9511041569415699e-09
9.6306800842285156e+03	7.6468466343603617e-07	3.9890665863389061e-09
1.0398983955383301e+04	6.5759066353354062e-07	3.3598187013186629e-09
1.1228442192077637e+04	5.6211103373846713e-07	2.7499975976955194e-09
1.2124180793762207e+04	4.7515121527705588e-07	2.2536602258896542e-09
1.3091444969177246e+04	4.0688210813788884e-07	1.8695191381095898e-09
1.4135718345642090e+04	3.4482735971452200e-07	1.4880472871321604e-09
1.5263438224792480e+04	2.9382285276762148e-07	1.2162005739314117e-09
1.6481161117553711e+04	2.5351561876312305e-07	1.0153524465808516e-09
1.7795920372009277e+04	2.1433657109087258e-07	8.2474124732278215e-10
1.9215583801269531e+04	1.8389123660080722e-07	6.8454999059524872e-10
2.0748496055603027e+04	1.5450707223783088e-07	5.4894358675902647e-10
2.2403717041015625e+04	1.3270671503686419e-07	4.5897543377029586e-10
2.4191021919250488e+04	1.1437279986317765e-07	3.8258955952145810e-10
2.6120781898498535e+04	9.7472732621013530e-08	3.1193489442812126e-10
2.8204560279846191e+04	8.2683901309580708e-08	2.5442524208175383e-10
3.0454635620117188e+04	6.9872562888011070e-08	2.0787821592734683e-10
3.2884120941162109e+04	6.0065437857198705e-08	1.7111742680260839e-10
3.5507440567016602e+04	5.0913326149212588e-08	1.4118310837082311e-10
3.8340091705322266e+04	4.3323927817084130e-08	1.1426389539664918e-10
4.1398644447326660e+04	3.6710524390325684e-08	9.3622250795845721e-11
4.4701218605041504e+04	3.1399516904117635e-08	7.6024620062570983e-11
4.8267364501953125e+04	2.6481290349503870e-08	6.2232080135752746e-11
5.2117824554443359e+04	2.2589579205989192e-08	5.1238122616168600e-11
5.6275486946105957e+04	1.9243984767128208e-08	4.2063858229849781e-11
6.0764908790588379e+04	1.6351836518999633e-08	3.4191966934379702e-11
6.5612435340881348e+04	1.3861856307816626e-08	2.8052380185072469e-11
7.0846676826477051e+04	1.1741756087557632e-08	2.2782709533396776e-11
7.6498508453369141e+04	9.9443701389865742e-09	1.8646003420187903e-11
8.2601189613342285e+04	8.4607375704017898e-09	1.5213717151234144e-11
8.9190721511840820e+04	7.1657879056789379e-09	1.2315753865516511e-11
9.6305966377258301e+04	6.0741001978497010e-09	1.0161301938870234e-11
1.0398876667022705e+05	5.1495812622568632e-09	8.2264698325412010e-12
1.1228442192077637e+05	4.3669625053083463e-09	6.7531669881625497e-12
1.2124192714691162e+05	3.7000299179365257e-09	5.4880588593341032e-12
1.3091409206390381e+05	3.1385948641269449e-09	4.4992346717426071e-12
1.4135777950286865e+05	2.6485366191361574e-09	3.6396239572358473e-12
1.5263462066650391e+05	2.2463160655297268e-09	2.9721038271558609e-12
1.6481113433837891e+05	1.9013307253838771e-09	2.4157184251747193e-12
1.7795896530151367e+05	1.6086729440819763e-09	1.9616588297218814e-12
1.9215559959411621e+05	1.3655863168139887e-09	1.6160623462622673e-12
2.0748484134674072e+05	1.1519591022357794e-09	1.3061086276034023e-12
2.2403705120086670e+05	9.7320631317584880e-10	1.0589012198028363e-12
2.4190962314605713e+05	8.2476492707326676e-10	8.6563010312239252e-13
2.6120793819427490e+05	6.9665168575226910e-10	7.0343624863584511e-13
2.8204584121704102e+05	5.8878588886701742e-10	5.7184751090003055e-13
3.0454611778259277e+05	4.9603479674529024e-10	4.6497484448765038e-13
3.2884132862091064e+05	4.1790359349444631e-10	3.7994817698512545e-13
3.5507464408874512e+05	3.5253988100924011e-10	3.0713593974472788e-13
3.8340079784393311e+05	2.9718523117569273e-10	2.4858359219079579e-13
4.1398668289184570e+05	2.5350874573527612e-10	2.0248441224208914e-13
4.4701254367828369e+05	2.2343569536053741e-10	1.7138885858789422e-13
4.8207950592041016e+05	2.0660081811887483e-10	1.5468230762795696e-13
