x		y		e
4.9999999999999998e-07	4.4372078265238953e+08	2.6175243243069863e+08
1.9999999999999999e-06	2.3377687863090552e+07	0.0000000000000000e+00
3.0000000000000001e-06	2.1497669944667716e+07	0.0000000000000000e+00
3.9999999999999998e-06	1.2103651753472134e+07	0.0000000000000000e+00
4.9999999999999996e-06	8.2377724817738179e+06	0.0000000000000000e+00
6.0000000000000002e-06	6.2096837976808520e+06	0.0000000000000000e+00
6.9999999999999999e-06	4.7050063909382224e+06	0.0000000000000000e+00
7.9999999999999996e-06	3.6686655859518857e+06	0.0000000000000000e+00
9.0000000000000002e-06	2.8695264827210167e+06	0.0000000000000000e+00
9.9999999999999991e-06	1.9956540666365747e+06	0.0000000000000000e+00
1.1000000000000000e-05	1.9176101456063949e+06	0.0000000000000000e+00
1.2000000000000000e-05	1.3027666599464915e+06	0.0000000000000000e+00
1.2999999999999999e-05	1.1590321938432942e+06	0.0000000000000000e+00
1.4000000000000000e-05	9.2701700957742287e+05	0.0000000000000000e+00
1.4999999999999999e-05	7.3423552245328715e+05	0.0000000000000000e+00
1.6500000000000001e-05	3.6931694611052959e+05	7.5482154255604546e+04
1.8000000000000000e-05	-8.5616150416537166e+03	0.0000000000000000e+00
1.8999999999999998e-05	3.1114112421084967e+04	0.0000000000000000e+00
2.0499999999999997e-05	3.8025871364570703e+04	8.7381398448522625e+04
2.2499999999999998e-05	-1.8416317872184498e+05	2.1864900151751284e+04
2.4499999999999999e-05	-4.5094369696459861e+05	4.5924683594631642e+04
2.6500000000000000e-05	-4.2869687040204473e+05	6.1051398952940581e+04
2.8500000000000002e-05	-4.4398024036499951e+05	2.4354227889312446e+04
3.0499999999999999e-05	-6.1735478506573685e+05	5.4066221509866991e+04
3.2999999999999996e-05	-6.2383916717222042e+05	4.6343613773941222e+04
3.5499999999999996e-05	-7.6134188296122965e+05	2.4669449681308377e+05
3.7999999999999995e-05	-8.9351628217751335e+05	4.4758269445275706e+04
4.0999999999999994e-05	-9.5234187854881026e+05	2.2034352223960781e+04
4.4500000000000004e-05	-9.0979671002006624e+05	9.1467183748764321e+04
4.8500000000000000e-05	-8.6324049898554606e+05	7.8287712194681008e+04
5.2500000000000002e-05	-9.9125467449594219e+05	4.8349451962574494e+04
5.6499999999999998e-05	-9.3842375754485989e+05	3.8512949022891240e+04
6.0999999999999999e-05	-9.0261914771838975e+05	4.3649875032790587e+04
6.6000000000000005e-05	-9.5823463887299190e+05	3.0406646047898841e+04
7.0999999999999991e-05	-9.4750798184907401e+05	1.9086947705409722e+04
7.6500000000000003e-05	-9.8774625597043289e+05	4.1332818839686588e+04
8.2500000000000000e-05	-9.5318834115052130e+05	5.0029800048778205e+04
8.8999999999999995e-05	-1.0585409528093569e+06	2.6862565327192453e+04
9.5999999999999989e-05	-1.0455553722468133e+06	4.7930562321247700e+04
1.0349999999999999e-04	-1.0388823982133592e+06	3.5930796766071973e+04
1.1199999999999997e-04	-1.0173012608531918e+06	2.5810567212994494e+04
1.2099999999999999e-04	-1.1193470186506286e+06	3.8707394585214599e+04
1.3050000000000000e-04	-1.0259532692105813e+06	3.3458623292546385e+04
1.4100000000000001e-04	-1.0115306245142850e+06	3.2614816294432880e+04
1.5249999999999999e-04	-9.6639826476718159e+05	4.6374408942678041e+04
1.6500000000000003e-04	-9.5448810705920449e+05	3.7687121813173449e+04
1.7800000000000002e-04	-9.0648451375646621e+05	2.8822857283410121e+04
1.9200000000000000e-04	-9.3487699986031908e+05	3.7339143632359832e+04
2.0750000000000000e-04	-9.0440247339028190e+05	3.3017313927701362e+04
2.2400000000000000e-04	-8.4400421818419569e+05	1.9735181468305585e+04
2.4200000000000003e-04	-7.9046830932854372e+05	3.5716335515034640e+04
2.6150000000000001e-04	-8.2145830825907306e+05	1.6914417585905205e+04
2.8200000000000002e-04	-7.4738237141994620e+05	2.6298370395313639e+04
3.0450000000000003e-04	-7.4245892551215796e+05	1.8918053792039798e+04
3.2899999999999992e-04	-7.1015600094609440e+05	2.0411633644140751e+04
3.5500000000000001e-04	-6.5870520495243871e+05	2.7878910293906993e+04
3.8350000000000000e-04	-6.3105828305689781e+05	2.3880067889841932e+04
4.1399999999999998e-04	-7.0397841023950709e+05	2.2377199011961915e+04
4.4699999999999997e-04	-5.5869726430898835e+05	2.0619943492688311e+04
4.8299999999999992e-04	-5.0548472171461006e+05	2.1368180859219690e+04
5.2150000000000005e-04	-4.7871794752685149e+05	1.3340146902508270e+04
5.6300000000000002e-04	-4.3416511545368802e+05	1.5994908056602573e+04
6.0749999999999997e-04	-3.8962616949319688e+05	2.1984041789801937e+04
6.5600000000000001e-04	-3.9097892218906496e+05	1.3970480798357339e+04
7.0849999999999982e-04	-3.2108932048780512e+05	1.5736187167797616e+04
7.6500000000000005e-04	-2.6585246641258092e+05	1.1660474991286079e+04
8.2599999999999969e-04	-2.7234657146397058e+05	1.4747686508369381e+04
8.9200000000000011e-04	-1.9172273442510134e+05	1.3073779147899882e+04
9.6299999999999966e-04	-1.6373052014981408e+05	1.2422013487614528e+04
1.0394999999999998e-03	-1.3948777511758206e+05	1.2378181440503464e+04
1.1225000000000000e-03	-1.6572590958964464e+05	1.0700087005970241e+04
1.2120000000000000e-03	-1.0035374382758736e+05	1.1468658110792314e+04
1.3090000000000003e-03	-6.3306588121358211e+04	1.0985384737727391e+04
1.4134999999999998e-03	-7.9909908205233121e+04	1.0027840370839507e+04
1.5259999999999998e-03	-9.2578279093073885e+04	9.5704927816633153e+03
1.6480000000000006e-03	-4.5634520929414961e+04	9.4132397016948089e+03
1.7795000000000005e-03	-5.0540205055840379e+04	9.3864727820415828e+03
1.9215000000000002e-03	-2.7110328353519013e+04	8.7862239480816461e+03
2.0749999999999996e-03	-2.2153083263260589e+04	8.3517566325679709e+03
2.2404999999999999e-03	-1.3785217316095486e+04	7.9610782037221961e+03
2.4190000000000001e-03	1.0847208427010144e+03	7.4697206489851797e+03
2.6119999999999997e-03	-7.8490006910669772e+03	7.9328475020074984e+03
2.8204999999999997e-03	-1.7081311773141599e+04	6.7385069717225606e+03
3.0455000000000000e-03	1.4148800570429955e+03	6.6705578833026329e+03
3.2885000000000002e-03	-1.0482379882466443e+04	6.6720046368277781e+03
3.5504999999999998e-03	4.7646157243831431e+03	6.5288685706952056e+03
3.8339999999999997e-03	2.1904879051887406e+03	6.2375685682812245e+03
4.1399999999999996e-03	-1.2208582093723822e+04	5.7673058742019175e+03
4.4700000000000000e-03	9.8865383528418006e+03	5.7007355559132329e+03
4.8205000000000019e-03	-5.1532028683282597e+03	5.8736302206325126e+03
