x		y		e
4.9999999999999998e-07	3.0279023227688923e-04	3.0279023227688923e-04
1.9999999999999999e-06	1.5828216337092887e-03	0.0000000000000000e+00
3.0000000000000001e-06	2.6554422183666026e-03	0.0000000000000000e+00
3.9999999999999998e-06	3.7829806736368364e-03	0.0000000000000000e+00
4.9999999999999996e-06	4.9460933190684075e-03	0.0000000000000000e+00
6.0000000000000002e-06	6.1345285638831435e-03	0.0000000000000000e+00
6.9999999999999999e-06	7.3421227896960494e-03	0.0000000000000000e+00
7.9999999999999996e-06	8.5646096653013825e-03	0.0000000000000000e+00
9.0000000000000002e-06	9.7988874430447355e-03	0.0000000000000000e+00
9.9999999999999991e-06	1.1042830376004582e-02	0.0000000000000000e+00
1.1000000000000000e-05	1.2294638127526993e-02	0.0000000000000000e+00
1.2000000000000000e-05	1.3553677324194508e-02	0.0000000000000000e+00
1.2999999999999999e-05	1.4818134947647643e-02	0.0000000000000000e+00
1.4000000000000000e-05	1.6087866263311507e-02	0.0000000000000000e+00
1.4999999999999999e-05	1.7361932086078252e-02	0.0000000000000000e+00
1.6500000000000001e-05	1.9280492527339977e-02	6.4064720998176727e-04
1.8000000000000000e-05	2.1205541938613934e-02	0.0000000000000000e+00
1.8999999999999998e-05	2.2492984807519469e-02	0.0000000000000000e+00
2.0499999999999997e-05	2.4429526943851733e-02	6.4638730698071939e-04
2.2499999999999998e-05	2.7019491482921515e-02	6.4852478202092961e-04
2.4499999999999999e-05	2.9616797209255582e-02	6.4998942663262475e-04
2.6500000000000000e-05	3.2219641606801519e-02	6.5133676392994087e-04
2.8500000000000002e-05	3.4827164219503236e-02	6.5236574659412758e-04
3.0499999999999999e-05	3.7438105936226679e-02	6.5309645801387545e-04
3.2999999999999996e-05	4.0705433323912334e-02	7.5485095065714789e-04
3.5499999999999996e-05	4.3975527403023754e-02	6.5406496912048969e-04
3.7999999999999995e-05	4.7247377020746884e-02	7.5568332185277235e-04
4.0999999999999994e-05	5.1173511094349033e-02	7.5554034880048390e-04
4.4500000000000004e-05	5.5753680698947740e-02	8.4459991624630801e-04
4.8500000000000000e-05	6.0986221374881182e-02	8.4422548410698062e-04
5.2500000000000002e-05	6.6215088322760879e-02	8.4329579657143705e-04
5.6499999999999998e-05	7.1436529959134284e-02	8.4179666421995585e-04
6.0999999999999999e-05	7.7298647855151198e-02	9.2022624079676264e-04
6.6000000000000005e-05	8.3795028038128452e-02	9.1724282551164230e-04
7.0999999999999991e-05	9.0270651116695272e-02	9.1430885944861434e-04
7.6500000000000003e-05	9.7365964662337545e-02	9.8314204115674815e-04
8.2500000000000000e-05	1.0507197480887726e-01	9.7861968938742021e-04
8.8999999999999995e-05	1.1337819836640084e-01	1.0406876830359388e-03
9.5999999999999989e-05	1.2227218440712982e-01	1.0342171034161782e-03
1.0349999999999999e-04	1.3174452415780022e-01	1.0906446403534489e-03
1.1199999999999997e-04	1.4241338337548304e-01	1.1421714092450235e-03
1.2099999999999999e-04	1.5363264035306390e-01	1.1337226848431720e-03
1.3050000000000000e-04	1.6538000569926217e-01	1.1787614121494430e-03
1.4100000000000001e-04	1.7825037321712625e-01	1.2207426883299565e-03
1.5249999999999999e-04	1.9222451451822128e-01	1.2585900585113901e-03
1.6500000000000003e-04	2.0725663410548228e-01	1.2916882016562492e-03
1.7800000000000002e-04	2.2270105979624394e-01	1.2753234901681353e-03
1.9200000000000000e-04	2.3912462873769907e-01	1.3462200308528966e-03
2.0750000000000000e-04	2.5707087633177328e-01	1.3682865108975079e-03
2.2400000000000000e-04	2.7588003373624070e-01	1.3845607142475944e-03
2.4200000000000003e-04	2.9604853567421813e-01	1.4344254687868254e-03
2.6150000000000001e-04	3.1751181463641243e-01	1.4424157669908580e-03
2.8200000000000002e-04	3.3962033734080355e-01	1.4446357274406480e-03
3.0450000000000003e-04	3.6333889719877344e-01	1.5041107002910835e-03
3.2899999999999992e-04	3.8854700190305835e-01	1.4957780224639134e-03
3.5500000000000001e-04	4.1463214014512684e-01	1.5139035833197220e-03
3.8350000000000000e-04	4.4243168787243115e-01	1.5435532523025021e-03
4.1399999999999998e-04	4.7124688900444683e-01	1.5175475613225819e-03
4.4699999999999997e-04	5.0134385097393108e-01	1.5528347554268985e-03
4.8299999999999992e-04	5.3303340925436582e-01	1.5383409204864315e-03
5.2150000000000005e-04	5.6564235821506181e-01	1.5340461271013419e-03
5.6300000000000002e-04	5.9929672517959764e-01	1.5166528544622282e-03
6.0749999999999997e-04	6.3366586288223503e-01	1.4906117672976822e-03
6.5600000000000001e-04	6.6918183391714492e-01	1.4831326210055962e-03
7.0849999999999982e-04	7.0547803290543620e-01	1.4369773930126108e-03
7.6500000000000005e-04	7.4238808651026067e-01	1.4239278252433857e-03
8.2599999999999969e-04	7.8003844828519842e-01	1.3783305055670540e-03
8.9200000000000011e-04	8.1808606321175070e-01	1.3481285796740159e-03
9.6299999999999966e-04	8.5634855129017784e-01	1.2906272063600733e-03
1.0394999999999998e-03	8.9438954996384223e-01	1.2353112809163117e-03
1.1225000000000000e-03	9.3219428868980003e-01	1.1745254373953871e-03
1.2120000000000000e-03	9.6946969234403402e-01	1.1162745710129526e-03
1.3090000000000003e-03	1.0061855760305018e+00	1.0467756119256618e-03
1.4134999999999998e-03	1.0415514623706477e+00	9.5440291321830482e-04
1.5259999999999998e-03	1.0749084384435346e+00	8.7693803134661157e-04
1.6480000000000006e-03	1.1066497964617157e+00	7.9025445856568152e-04
1.7795000000000005e-03	1.1364020784064452e+00	7.1897332148081498e-04
1.9215000000000002e-03	1.1647582028219881e+00	6.5466940648982875e-04
2.0749999999999996e-03	1.1912955126541354e+00	5.9161280701543835e-04
2.2404999999999999e-03	1.2162069250535135e+00	5.2997876837404881e-04
2.4190000000000001e-03	1.2388958095754117e+00	4.5139361360250482e-04
2.6119999999999997e-03	1.2589990516407803e+00	3.9020228361597720e-04
2.8204999999999997e-03	1.2765922878034772e+00	3.1256108562039927e-04
3.0455000000000000e-03	1.2911518229046133e+00	2.5694451707687470e-04
3.2885000000000002e-03	1.3036700408514112e+00	1.9971871507172876e-04
3.5504999999999998e-03	1.3131739752780833e+00	1.5216543110992427e-04
3.8339999999999997e-03	1.3213007130116856e+00	1.2961296449539908e-04
4.1399999999999996e-03	1.3280755461636087e+00	1.0343045210479736e-04
4.4700000000000000e-03	1.3353308724136062e+00	1.2081654108553248e-04
4.8205000000000019e-03	1.3424651375021797e+00	8.8690330059097572e-05
