x		y		e
4.9999999999999998e-07	1.5632801598180001e+09	2.1151774056049459e+09
1.9999999999999999e-06	1.6616392746858421e+08	0.0000000000000000e+00
3.0000000000000001e-06	7.9130672348704904e+07	0.0000000000000000e+00
3.9999999999999998e-06	4.9066340907614253e+07	0.0000000000000000e+00
4.9999999999999996e-06	3.0801739456042454e+07	0.0000000000000000e+00
6.0000000000000002e-06	2.6331316739001982e+07	0.0000000000000000e+00
6.9999999999999999e-06	1.8305754186332189e+07	0.0000000000000000e+00
7.9999999999999996e-06	1.4440015995732799e+07	0.0000000000000000e+00
9.0000000000000002e-06	1.2993837523507904e+07	0.0000000000000000e+00
9.9999999999999991e-06	1.2533278792169934e+07	0.0000000000000000e+00
1.1000000000000000e-05	8.3290334248388223e+06	0.0000000000000000e+00
1.2000000000000000e-05	1.0725655469579222e+07	0.0000000000000000e+00
1.2999999999999999e-05	7.6034981797898905e+06	0.0000000000000000e+00
1.4000000000000000e-05	6.4292154376325514e+06	0.0000000000000000e+00
1.4999999999999999e-05	4.7305360607518991e+06	0.0000000000000000e+00
1.6500000000000001e-05	3.3827640674759038e+06	1.2036379986109186e+06
1.8000000000000000e-05	2.4100264822555031e+06	0.0000000000000000e+00
1.8999999999999998e-05	1.5620981726416291e+06	0.0000000000000000e+00
2.0499999999999997e-05	1.6714315300749331e+06	3.7986749610199837e+05
2.2499999999999998e-05	3.8711372496061064e+06	8.3938607908522431e+05
2.4499999999999999e-05	3.7269265388162276e+06	6.4990669246258889e+05
2.6500000000000000e-05	7.1112815050456603e+05	7.3119674183178882e+04
2.8500000000000002e-05	2.2197853132846928e+05	1.2713304130930384e+06
3.0499999999999999e-05	5.4702389128137950e+05	4.9393280226810439e+05
3.2999999999999996e-05	-2.0874576853986547e+05	9.1662142192186124e+05
3.5499999999999996e-05	3.0015395550502557e+05	5.5834619234060089e+05
3.7999999999999995e-05	2.4976558202542973e+05	1.0406418862225516e+06
4.0999999999999994e-05	-1.3761147392754145e+06	7.0304187447878590e+05
4.4500000000000004e-05	-7.8027908979055836e+04	3.4951254178206506e+05
4.8500000000000000e-05	4.1083767920438002e+05	1.4128065837758237e+06
5.2500000000000002e-05	-1.7128876932333377e+06	3.2293835978106281e+05
5.6499999999999998e-05	-5.1390766452332475e+05	2.1155056402724591e+05
6.0999999999999999e-05	-1.2121933077141470e+06	6.1902294835216261e+05
6.6000000000000005e-05	-1.2919391459493220e+06	7.8067745695208805e+05
7.0999999999999991e-05	-4.1549962527773611e+05	6.9468353682008490e+05
7.6500000000000003e-05	-1.9367891088003386e+06	4.8031669767607120e+05
8.2500000000000000e-05	-1.1008753446859315e+06	7.8302223648101022e+05
8.8999999999999995e-05	-1.8129062278105833e+06	7.0218045397683536e+05
9.5999999999999989e-05	-7.0182470559776982e+05	6.2155111106937367e+05
1.0349999999999999e-04	-1.5046311201133470e+06	4.5495553167644772e+05
1.1199999999999997e-04	-2.0302862927209213e+06	4.6064445032284240e+05
1.2099999999999999e-04	-1.4169615363460856e+06	6.9747525521422061e+05
1.3050000000000000e-04	-1.4046879755805405e+06	6.1148522428181721e+05
1.4100000000000001e-04	-1.5973071963331909e+06	5.5629588418686925e+05
1.5249999999999999e-04	-1.7334596382516092e+06	3.5739358374609484e+05
1.6500000000000003e-04	-1.7804595510798297e+06	5.3759529820431536e+05
1.7800000000000002e-04	-1.5392524139071652e+06	4.8607620977012150e+05
1.9200000000000000e-04	-1.0776183966419336e+06	4.9509540834215429e+05
2.0750000000000000e-04	-1.3399695330830174e+06	4.5439467137952615e+05
2.2400000000000000e-04	-2.0476629917079061e+06	3.5178058093123004e+05
2.4200000000000003e-04	-1.4610647165634043e+06	4.2628607577988249e+05
2.6150000000000001e-04	-1.4465583913068748e+06	3.2874223102664854e+05
2.8200000000000002e-04	-1.6713834239906194e+06	3.7325954044055997e+05
3.0450000000000003e-04	-1.4293017495907627e+06	3.3792594757432077e+05
3.2899999999999992e-04	-1.3015004536246478e+06	2.2558927535006680e+05
3.5500000000000001e-04	-1.3203939453719947e+06	3.4011949762567144e+05
3.8350000000000000e-04	-1.4190752493784493e+06	3.2696273704523483e+05
4.1399999999999998e-04	-1.3302785858052070e+06	2.6864125979181292e+05
4.4699999999999997e-04	-1.4643684382709200e+06	2.7941603854160197e+05
4.8299999999999992e-04	-1.2527400616410850e+06	2.8937090592054499e+05
5.2150000000000005e-04	-1.0045782727121193e+06	2.6499903884939163e+05
5.6300000000000002e-04	-1.1833655553794161e+06	2.3720584886837518e+05
6.0749999999999997e-04	-1.0478686885036379e+06	2.1652935603575187e+05
6.5600000000000001e-04	-9.5452270461583231e+05	2.3378401831260888e+05
7.0849999999999982e-04	-1.0746127193413877e+06	2.1610088550423778e+05
7.6500000000000005e-04	-9.6119398410301900e+05	2.0761956410599936e+05
8.2599999999999969e-04	-7.7355175353786745e+05	1.7704872604068194e+05
8.9200000000000011e-04	-8.8730343526258436e+05	1.9087299985847733e+05
9.6299999999999966e-04	-6.9872211330138519e+05	1.7643703612348106e+05
1.0394999999999998e-03	-6.2118283806071873e+05	1.7171282601530643e+05
1.1225000000000000e-03	-6.9154188576733612e+05	1.8505444416147587e+05
1.2120000000000000e-03	-5.3361158757699723e+05	1.6729833439531087e+05
1.3090000000000003e-03	-4.6107532526754844e+05	1.5055204423359493e+05
1.4134999999999998e-03	-4.0880723896512610e+05	1.4943592029373784e+05
1.5259999999999998e-03	-3.3025116403694224e+05	1.4549813571549553e+05
1.6480000000000006e-03	-3.5605292379529943e+05	1.3260764542719204e+05
1.7795000000000005e-03	-2.9940205234281725e+05	1.2904739030115960e+05
1.9215000000000002e-03	-2.6901219409734604e+05	1.2977139256259587e+05
2.0749999999999996e-03	-2.5639512591438266e+05	1.2361833393215996e+05
2.2404999999999999e-03	-1.0311609848040630e+05	1.2464551814077132e+05
2.4190000000000001e-03	-2.9922665576038304e+04	1.1546564996726405e+05
2.6119999999999997e-03	-1.5839488977571460e+05	1.0726294754341137e+05
2.8204999999999997e-03	-6.6230882304239552e+04	1.0291545815128590e+05
3.0455000000000000e-03	-1.3579794817146295e+05	9.2709326453966089e+04
3.2885000000000002e-03	-4.2205048578758782e+04	9.4103241466225591e+04
3.5504999999999998e-03	-1.5170522984717640e+04	9.2378755414991829e+04
3.8339999999999997e-03	-1.2544813760996774e+04	8.8003859125352450e+04
4.1399999999999996e-03	-4.5806765390046472e+04	8.0887112997600183e+04
4.4700000000000000e-03	-4.0521636760079258e+04	7.7712763292535310e+04
4.8205000000000019e-03	-5.7073085429305334e+04	7.6329494571922944e+04
