x		y		e
4.9999999999999998e-07	3.4709973647995858e-04	3.4709973647995858e-04
1.9999999999999999e-06	1.8036278492447233e-03	0.0000000000000000e+00
3.0000000000000001e-06	2.9949759287143636e-03	0.0000000000000000e+00
3.9999999999999998e-06	4.2499793453351087e-03	0.0000000000000000e+00
4.9999999999999996e-06	5.5433170898045786e-03	0.0000000000000000e+00
6.0000000000000002e-06	6.8641290885995132e-03	0.0000000000000000e+00
6.9999999999999999e-06	8.2063199665003035e-03	0.0000000000000000e+00
7.9999999999999996e-06	9.5650489895333576e-03	0.0000000000000000e+00
9.0000000000000002e-06	1.0936751540415509e-02	0.0000000000000000e+00
9.9999999999999991e-06	1.2319411020343538e-02	0.0000000000000000e+00
1.1000000000000000e-05	1.3710926575592690e-02	0.0000000000000000e+00
1.2000000000000000e-05	1.5110840972201962e-02	0.0000000000000000e+00
1.2999999999999999e-05	1.6517266401861547e-02	0.0000000000000000e+00
1.4000000000000000e-05	1.7929847581602286e-02	0.0000000000000000e+00
1.4999999999999999e-05	1.9347198701479405e-02	0.0000000000000000e+00
1.6500000000000001e-05	2.1481544435724108e-02	7.1270981776180994e-04
1.8000000000000000e-05	2.3623227082223537e-02	0.0000000000000000e+00
1.8999999999999998e-05	2.5055344882511769e-02	0.0000000000000000e+00
2.0499999999999997e-05	2.7208895037964972e-02	7.1863990498622818e-04
2.2499999999999998e-05	3.0087324155842275e-02	7.2057394075198690e-04
2.4499999999999999e-05	3.2972986357132174e-02	7.2212000992173588e-04
2.6500000000000000e-05	3.5864041031222690e-02	7.2325095510951778e-04
2.8500000000000002e-05	3.8759035019557034e-02	7.2426920657667172e-04
3.0499999999999999e-05	4.1657907779271412e-02	7.2508732877103114e-04
3.2999999999999996e-05	4.5284759764574245e-02	8.3774898843052127e-04
3.5499999999999996e-05	4.8912668766067507e-02	7.2537463371276725e-04
3.7999999999999995e-05	5.2540036567248781e-02	8.3765628434529643e-04
4.0999999999999994e-05	5.6892567120886438e-02	8.3757777333409711e-04
4.4500000000000004e-05	6.1966415461714788e-02	9.3512568202834751e-04
4.8500000000000000e-05	6.7756398566098344e-02	9.3370249495109510e-04
5.2500000000000002e-05	7.3538206496744279e-02	9.3229972932321699e-04
5.6499999999999998e-05	7.9310250515736549e-02	9.3069069990750865e-04
6.0999999999999999e-05	8.5789995183047862e-02	1.0168686984955559e-03
6.6000000000000005e-05	9.2970954298050384e-02	1.0139768710063146e-03
7.0999999999999991e-05	1.0012606698035935e-01	1.0097431164358545e-03
7.6500000000000003e-05	1.0796275272862101e-01	1.0860138434219760e-03
8.2500000000000000e-05	1.1647731876737523e-01	1.0816197411869539e-03
8.8999999999999995e-05	1.2565773096102498e-01	1.1503069796390312e-03
9.5999999999999989e-05	1.3548943657154858e-01	1.1433695812950698e-03
1.0349999999999999e-04	1.4595496572725153e-01	1.2041837814371001e-03
1.1199999999999997e-04	1.5772532619088611e-01	1.2591956918831626e-03
1.2099999999999999e-04	1.7008642866585622e-01	1.2487085928106914e-03
1.3050000000000000e-04	1.8302574016402490e-01	1.2981284503249585e-03
1.4100000000000001e-04	1.9718993824849693e-01	1.3424300282501205e-03
1.5249999999999999e-04	2.1253231120585778e-01	1.3797887631944214e-03
1.6500000000000003e-04	2.2898234400956269e-01	1.4116950245747068e-03
1.7800000000000002e-04	2.4586748925180724e-01	1.3946364227829420e-03
1.9200000000000000e-04	2.6382966116283357e-01	1.4719298566240281e-03
2.0750000000000000e-04	2.8343332685900985e-01	1.4939608906563442e-03
2.2400000000000000e-04	3.0398322800109395e-01	1.5132385853434478e-03
2.4200000000000003e-04	3.2601142774950304e-01	1.5662576685362215e-03
2.6150000000000001e-04	3.4942941958466284e-01	1.5716052313195885e-03
2.8200000000000002e-04	3.7348307934029429e-01	1.5700294802619471e-03
3.0450000000000003e-04	3.9921354007332832e-01	1.6288887345962521e-03
3.2899999999999992e-04	4.2651362685192817e-01	1.6196883762756875e-03
3.5500000000000001e-04	4.5470824099393536e-01	1.6332491272611144e-03
3.8350000000000000e-04	4.8473179416225387e-01	1.6687602981675102e-03
4.1399999999999998e-04	5.1588359546819818e-01	1.6407986631886715e-03
4.4699999999999997e-04	5.4842909871520085e-01	1.6775189487337606e-03
4.8299999999999992e-04	5.8263689452129452e-01	1.6584142762616075e-03
5.2150000000000005e-04	6.1775823396290963e-01	1.6518276927119694e-03
5.6300000000000002e-04	6.5400070871925098e-01	1.6358731314845367e-03
6.0749999999999997e-04	6.9102003314213689e-01	1.6049378654645139e-03
6.5600000000000001e-04	7.2927604209810226e-01	1.5976196908546682e-03
7.0849999999999982e-04	7.6838539297043629e-01	1.5459711425617030e-03
7.6500000000000005e-04	8.0778093855730948e-01	1.5075741614860847e-03
8.2599999999999969e-04	8.4742168582295152e-01	1.4451695858729461e-03
8.9200000000000011e-04	8.8706435302085873e-01	1.3970092401098531e-03
9.6299999999999966e-04	9.2627224669767727e-01	1.3087597432146392e-03
1.0394999999999998e-03	9.6498766470101616e-01	1.2579993374815840e-03
1.1225000000000000e-03	1.0031627038773883e+00	1.1805129887651712e-03
1.2120000000000000e-03	1.0402362029720400e+00	1.0978465556688061e-03
1.3090000000000003e-03	1.0763201696007183e+00	1.0237163252940593e-03
1.4134999999999998e-03	1.1103796629384415e+00	9.1473334869876023e-04
1.5259999999999998e-03	1.1426370955587617e+00	8.4663724450255353e-04
1.6480000000000006e-03	1.1733909286774737e+00	7.6851422450066077e-04
1.7795000000000005e-03	1.2018478396488408e+00	6.7144740476610912e-04
1.9215000000000002e-03	1.2278327406711826e+00	5.8868673449915989e-04
2.0749999999999996e-03	1.2513396566905968e+00	5.0944639877535517e-04
2.2404999999999999e-03	1.2720266197128327e+00	4.2397476298052238e-04
2.4190000000000001e-03	1.2896970190224508e+00	3.4122957592896296e-04
2.6119999999999997e-03	1.3045213238106494e+00	3.0162724885245644e-04
2.8204999999999997e-03	1.3191079696472197e+00	2.5810966865930552e-04
3.0455000000000000e-03	1.3313241502612716e+00	2.2459671552729283e-04
3.2885000000000002e-03	1.3415251868489577e+00	1.5390835868711486e-04
3.5504999999999998e-03	1.3490064680720744e+00	1.2554819736165733e-04
3.8339999999999997e-03	1.3568317983351386e+00	1.4069076576095281e-04
4.1399999999999996e-03	1.3642213271044141e+00	1.0449059286039929e-04
4.4700000000000000e-03	1.3696350619130415e+00	7.4530694328440276e-05
4.8205000000000019e-03	1.3740283490431333e+00	5.7190487934689763e-05
