x		y		e
0.0000000000000000e+00	2.6330595939315952e+01	0.0000000000000000e+00
2.3841857910156250e-01	2.2291905697833556e-02	0.0000000000000000e+00
4.7683715820312500e-01	6.3420963981352168e-03	0.0000000000000000e+00
7.1525573730468750e-01	7.0514905073889864e-03	0.0000000000000000e+00
9.5367431640625000e-01	3.9619317353068702e-03	0.0000000000000000e+00
1.1920928955078125e+00	7.0830476346613177e-03	0.0000000000000000e+00
1.4305114746093750e+00	4.8320958521962821e-03	0.0000000000000000e+00
1.6689300537109375e+00	3.8542207779299949e-03	0.0000000000000000e+00
1.9073486328125000e+00	5.6001244582468586e-03	0.0000000000000000e+00
2.1457672119140625e+00	6.7394229660570149e-03	0.0000000000000000e+00
2.3841857910156250e+00	6.2970729437712555e-03	0.0000000000000000e+00
2.6226043701171875e+00	5.8714615020839774e-03	0.0000000000000000e+00
2.8610229492187500e+00	5.1421746908066517e-03	0.0000000000000000e+00
3.0994415283203125e+00	4.6043584754983614e-03	0.0000000000000000e+00
3.3378601074218750e+00	4.2242973845114254e-03	0.0000000000000000e+00
3.5762786865234375e+00	3.7801555053742740e-03	0.0000000000000000e+00
3.8146972656250000e+00	7.1654699459856586e-03	0.0000000000000000e+00
4.1723251342773438e+00	5.6536225481459666e-03	2.1519738558210751e-04
4.5299530029296875e+00	2.1172096934086592e-03	0.0000000000000000e+00
4.8875808715820312e+00	5.1858699724059180e-03	1.2914206915403091e-03
5.2452087402343750e+00	2.7941545735439021e-03	0.0000000000000000e+00
5.6028366088867188e+00	5.0239180497070324e-03	1.2671115513240905e-06
6.0796737670898438e+00	3.4638845820544389e-03	2.1927101676513956e-04
6.5565109252929688e+00	5.0255997276964174e-03	1.9073163921693775e-03
7.0333480834960938e+00	4.5254050096031817e-03	5.2605915180452040e-04
7.6293945312500000e+00	3.4816105371843573e-03	3.2774488578050237e-04
8.2254409790039062e+00	3.8521496658251494e-03	5.9717991508272626e-04
8.8214874267578125e+00	4.4652482910738428e-03	1.2129096081571623e-03
9.5367431640625000e+00	4.2818168249437330e-03	6.2622694220117463e-04
1.0371208190917969e+01	4.9710292868092084e-03	3.7285354033235365e-04
1.1205673217773438e+01	5.3071007365728673e-03	4.3670057603676125e-04
1.2040138244628906e+01	5.4128555925808007e-03	5.2875334060711594e-04
1.3113021850585938e+01	4.2142957288368614e-03	4.2374771668496705e-04
1.4185905456542969e+01	4.8983691352021954e-03	8.2395589592025359e-04
1.5258789062500000e+01	3.6796543515687855e-03	4.8534719532181613e-04
1.6450881958007812e+01	3.7308658645265414e-03	5.3714462660340754e-04
1.7762184143066406e+01	4.5598243660703655e-03	5.3444306981995668e-04
1.9192695617675781e+01	4.6603828425997662e-03	6.9925766689573731e-04
2.0742416381835938e+01	4.0845091197643148e-03	5.0323047448545745e-04
2.2411346435546875e+01	4.5398919171940194e-03	2.6855677229494391e-04
2.4199485778808594e+01	4.1845933423449557e-03	3.8265763525105478e-04
2.6106834411621094e+01	4.5253303542541496e-03	3.9901455633057725e-04
2.8133392333984375e+01	4.5088882673580254e-03	5.1697855323517671e-04
3.0398368835449219e+01	4.5026514107492522e-03	4.2199538464268602e-04
3.2901763916015625e+01	4.1527346096194625e-03	3.2340227277962753e-04
3.5524368286132812e+01	4.1346984484719887e-03	5.0702815211768214e-04
3.8266181945800781e+01	4.3579498061735748e-03	4.0805978219843423e-04
4.1365623474121094e+01	4.6888050495655217e-03	4.5460016076453552e-04
4.4703483581542969e+01	4.5921933800249027e-03	3.2145184156305887e-04
4.8279762268066406e+01	3.7742606385046925e-03	3.5880718368672593e-04
5.2094459533691406e+01	3.9971005430820532e-03	2.9501842778505182e-04
5.6266784667968750e+01	4.4422508368375177e-03	2.9598659095987851e-04
6.0796737670898438e+01	3.8974787553991827e-03	2.6976173149500550e-04
6.5565109252929688e+01	3.9122439728558941e-03	2.2883361823299535e-04
7.0810317993164062e+01	3.3245078126383255e-03	1.8141113217723083e-04
7.6532363891601562e+01	3.2948316887592595e-03	2.1198934749053319e-04
8.2612037658691406e+01	3.4328835677869336e-03	1.3166514014860073e-04
8.9168548583984375e+01	3.5273934817614079e-03	1.7222401573678195e-04
9.6321105957031250e+01	3.2195315816646590e-03	2.0413604491639333e-04
1.0395050048828125e+02	3.2757461589680500e-03	1.7347962478589293e-04
1.1229515075683594e+02	3.2000821170223249e-03	1.8624218903222283e-04
1.2135505676269531e+02	2.7492791457301761e-03	1.1195709209512712e-04
1.3101100921630859e+02	2.8479556228487393e-03	1.4581332355722768e-04
1.4138221740722656e+02	2.5317780785402127e-03	9.3907121382140119e-05
1.5258789062500000e+02	2.2912953693595096e-03	9.0215080884125545e-05
1.6474723815917969e+02	2.2275474970091169e-03	1.0770085009129330e-04
1.7797946929931641e+02	2.0502785907772127e-03	7.5149237695639072e-05
1.9216537475585938e+02	1.7952929679293502e-03	6.9734254889197307e-05
2.0742416381835938e+02	1.7480452816884050e-03	5.4567335699773468e-05
2.2399425506591797e+02	1.4095621318451722e-03	5.0950871153862106e-05
2.4187564849853516e+02	1.4599323112371319e-03	4.7563827750361830e-05
2.6118755340576172e+02	1.2656517146320029e-03	3.9955458363825668e-05
2.8204917907714844e+02	1.0521688628216414e-03	2.9282120294193184e-05
3.0457973480224609e+02	9.7377562506800036e-04	2.5302288581059161e-05
3.2889842987060547e+02	8.3323340825271631e-04	2.3822840130492762e-05
3.5512447357177734e+02	7.3188053844784292e-04	1.8204337209091952e-05
3.8337707519531250e+02	6.6628121538041219e-04	1.8777993400174837e-05
4.1389465332031250e+02	6.0113598437923886e-04	1.4296189761816149e-05
4.4691562652587891e+02	5.0130391553094016e-04	1.3171152804986434e-05
4.8267841339111328e+02	4.5991909257978941e-04	1.1049561024168173e-05
5.2118301391601562e+02	3.8699612162888640e-04	8.4703377042553038e-06
5.6266784667968750e+02	3.3010578975123389e-04	7.1236516967662050e-06
6.0760974884033203e+02	2.9313581608942047e-04	6.5315120425357631e-06
6.5612792968750000e+02	2.5251437447306282e-04	5.1664938285653213e-06
7.0846080780029297e+02	2.1024216808810094e-04	3.9082152305995847e-06
7.6496601104736328e+02	1.8282327441235957e-04	3.3605220999429184e-06
8.2600116729736328e+02	1.6077065786018876e-04	2.8293355349883694e-06
8.9192390441894531e+02	1.3482091992688268e-04	2.0184492877637516e-06
9.6309185028076172e+02	1.1886132827790655e-04	1.9142107004535579e-06
1.0398626327514648e+03	1.0022167656989135e-04	1.4851367343693066e-06
1.1228322982788086e+03	8.6917665471938820e-05	1.2946398962376412e-06
1.2124776840209961e+03	7.4026966505238444e-05	1.0566466238793464e-06
1.3091564178466797e+03	6.4384602958387387e-05	8.7487712175665379e-07
1.4135837554931641e+03	5.4591056908996050e-05	8.0575318530873915e-07
1.5263557434082031e+03	4.7220181667248714e-05	6.0703694967868924e-07
1.6480684280395508e+03	3.9160166735427139e-05	5.0645034874180459e-07
1.7795562744140625e+03	3.4739018298736354e-05	4.4333621023831628e-07
1.9215345382690430e+03	2.9983916121656035e-05	3.6249573479272459e-07
2.0748376846313477e+03	2.5321968131611635e-05	2.8459771825628144e-07
2.2404193878173828e+03	2.1931632982828205e-05	2.4225900665844529e-07
2.4191141128540039e+03	1.8544158424098554e-05	1.9312710559398216e-07
2.6121139526367188e+03	1.5786298627153632e-05	1.6106150331493067e-07
2.8204917907714844e+03	1.3551194812921049e-05	1.2859192871888872e-07
3.0454397201538086e+03	1.1481770420431778e-05	1.0694431125269747e-07
3.2883882522583008e+03	9.8483563641566673e-06	9.0554558159188954e-08
3.5507678985595703e+03	8.4395424150672142e-06	7.2255696057886355e-08
3.8340091705322266e+03	7.2507970912766747e-06	6.2892980492651210e-08
4.1397809982299805e+03	6.1827868551301286e-06	4.9207768335245044e-08
4.4701099395751953e+03	5.2939569767204035e-06	4.1675108621360880e-08
4.8267841339111328e+03	4.5131108886832885e-06	3.3956869931054062e-08
5.2118301391601562e+03	3.8579423979528184e-06	2.7092061854333476e-08
5.6276321411132812e+03	3.2902438404296482e-06	2.2786066321899887e-08
6.0765743255615234e+03	2.8172970299688865e-06	1.8247778188639556e-08
6.5612792968750000e+03	2.4130869093597274e-06	1.5469364301286074e-08
7.0847272872924805e+03	2.0435221710937082e-06	1.2641871456769841e-08
7.6498985290527344e+03	1.7478882598687118e-06	1.0027310690250779e-08
8.2601308822631836e+03	1.4896584698019811e-06	8.4361115476180675e-09
8.9191198348999023e+03	1.2791441545114498e-06	6.8521695261515642e-09
9.6306800842285156e+03	1.0895190980205807e-06	5.7594686318640553e-09
1.0398983955383301e+04	9.2838224841651189e-07	4.7297051124150706e-09
1.1228442192077637e+04	7.9522554075588408e-07	3.8433027227269848e-09
1.2124180793762207e+04	6.7450817255503227e-07	3.2212085644965560e-09
1.3091444969177246e+04	5.7168916667238762e-07	2.5800765008178423e-09
1.4135718345642090e+04	4.9105506346442275e-07	2.1511946453468321e-09
1.5263438224792480e+04	4.1704673533306204e-07	1.7319332545714637e-09
1.6481161117553711e+04	3.5426894533096774e-07	1.4069546888839836e-09
1.7795920372009277e+04	3.0123507149383061e-07	1.1608459910774587e-09
1.9215583801269531e+04	2.5596263904066977e-07	9.3588456330929912e-10
2.0748496055603027e+04	2.1845088856997431e-07	7.8554120389390168e-10
2.2403717041015625e+04	1.8597957763651173e-07	6.3684428792141168e-10
2.4191021919250488e+04	1.5698671030432042e-07	5.2172198472142427e-10
2.6120781898498535e+04	1.3376873156103422e-07	4.2628889128074339e-10
2.8204560279846191e+04	1.1364085297457659e-07	3.4949487045390965e-10
3.0454635620117188e+04	9.6879961894760841e-08	2.8576601545718672e-10
3.2884120941162109e+04	8.1727416424385425e-08	2.3079793855048121e-10
3.5507440567016602e+04	6.9105647259832571e-08	1.8980772010949968e-10
3.8340091705322266e+04	5.9059316724475169e-08	1.5387441285872788e-10
4.1398644447326660e+04	4.9897310495954704e-08	1.2711062157031015e-10
4.4701218605041504e+04	4.2433909223151375e-08	1.0355154831289481e-10
4.8267364501953125e+04	3.5830671052036307e-08	8.5416153888710995e-11
5.2117824554443359e+04	3.0230356361082166e-08	6.8507291612894807e-11
5.6275486946105957e+04	2.5584773718687019e-08	5.5578008762581675e-11
6.0764908790588379e+04	2.1595570423010268e-08	4.5519380814055123e-11
6.5612435340881348e+04	1.8274057828181756e-08	3.7061429397906448e-11
7.0846676826477051e+04	1.5447448248404915e-08	2.9985053660548696e-11
7.6498508453369141e+04	1.3050131627295043e-08	2.4326631731781164e-11
8.2601189613342285e+04	1.1004490262998422e-08	1.9752337955875955e-11
8.9190721511840820e+04	9.2536680773683365e-09	1.6179396841388373e-11
9.6305966377258301e+04	7.8206621807397571e-09	1.2913934996742531e-11
1.0398876667022705e+05	6.5584372741749683e-09	1.0472977898854182e-11
1.1228442192077637e+05	5.5108944175999409e-09	8.4866624924754550e-12
1.2124192714691162e+05	4.6617104776953049e-09	6.9272143314772499e-12
1.3091409206390381e+05	3.9102731087742019e-09	5.5775474347390059e-12
1.4135777950286865e+05	3.2830978476101392e-09	4.4912883192867396e-12
1.5263462066650391e+05	2.7575145333440034e-09	3.6556898566834102e-12
1.6481113433837891e+05	2.3149954048472289e-09	2.9518433658045365e-12
1.7795896530151367e+05	1.9376458383038958e-09	2.3798093662576099e-12
1.9215559959411621e+05	1.6300272336690155e-09	1.9297852866294147e-12
2.0748484134674072e+05	1.3598798121878940e-09	1.5477650024791400e-12
2.2403705120086670e+05	1.1397383066066840e-09	1.2474876724166148e-12
2.4190962314605713e+05	9.5532636257602030e-10	1.0093589006480637e-12
2.6120793819427490e+05	7.9748658520233343e-10	8.0953752733844119e-13
2.8204584121704102e+05	6.6778837703973405e-10	6.4971022566636284e-13
3.0454611778259277e+05	5.5651202938834256e-10	5.2469210651486245e-13
3.2884132862091064e+05	4.6463593277742261e-10	4.2268002932232191e-13
3.5507464408874512e+05	3.8901895417428656e-10	3.3712408754547304e-13
3.8340079784393311e+05	3.2663200903159086e-10	2.7296253402106674e-13
4.1398668289184570e+05	2.7810401242543379e-10	2.2247676550233620e-13
4.4701254367828369e+05	2.4510727321337141e-10	1.8799670131954906e-13
4.8207950592041016e+05	2.2740716447164268e-10	1.7286096970074797e-13
