x		y		e
0.0000000000000000e+00	2.8712711716476488e+01	0.0000000000000000e+00
2.3841857910156250e-01	1.8812060144811741e-02	0.0000000000000000e+00
4.7683715820312500e-01	1.0124952415822008e-02	0.0000000000000000e+00
7.1525573730468750e-01	6.7596955784480000e-03	0.0000000000000000e+00
9.5367431640625000e-01	4.3725318173043360e-03	0.0000000000000000e+00
1.1920928955078125e+00	6.6380705205185122e-03	0.0000000000000000e+00
1.4305114746093750e+00	5.1122122603008743e-03	0.0000000000000000e+00
1.6689300537109375e+00	3.6807356466662493e-03	0.0000000000000000e+00
1.9073486328125000e+00	3.6419223328089511e-03	0.0000000000000000e+00
2.1457672119140625e+00	7.6753296386806663e-03	0.0000000000000000e+00
2.3841857910156250e+00	6.0703795232616613e-03	0.0000000000000000e+00
2.6226043701171875e+00	3.7763805739053622e-03	0.0000000000000000e+00
2.8610229492187500e+00	8.8306682455413250e-03	0.0000000000000000e+00
3.0994415283203125e+00	4.2824705714838013e-03	0.0000000000000000e+00
3.3378601074218750e+00	6.1047810061704644e-03	0.0000000000000000e+00
3.5762786865234375e+00	7.5630005870263245e-03	0.0000000000000000e+00
3.8146972656250000e+00	7.0841164470517781e-03	0.0000000000000000e+00
4.1723251342773438e+00	7.8502966430592670e-03	2.8765422981126985e-05
4.5299530029296875e+00	6.1780572645767362e-03	0.0000000000000000e+00
4.8875808715820312e+00	5.3468045790385863e-03	5.8547590444753207e-04
5.2452087402343750e+00	5.7384638055860996e-03	0.0000000000000000e+00
5.6028366088867188e+00	6.8239092202472852e-03	4.4755608393798210e-04
6.0796737670898438e+00	5.6831884767466158e-03	1.2049653535213781e-03
6.5565109252929688e+00	6.4552384875533339e-03	1.6435204354885997e-05
7.0333480834960938e+00	4.9441614723937672e-03	2.1061259442044800e-04
7.6293945312500000e+00	6.3628327618023561e-03	4.8257527210710075e-05
8.2254409790039062e+00	5.5495403130888261e-03	1.0406493871953978e-03
8.8214874267578125e+00	5.1572185903675785e-03	1.2474205020521277e-04
9.5367431640625000e+00	4.8689226764266130e-03	7.8932996555779818e-04
1.0371208190917969e+01	5.5499004842086081e-03	6.9769357157372497e-04
1.1205673217773438e+01	5.5908939837221215e-03	6.1701805464994808e-04
1.2040138244628906e+01	4.5586332877908383e-03	3.7680776239129685e-04
1.3113021850585938e+01	5.4015180765185329e-03	8.2952131513714799e-04
1.4185905456542969e+01	4.6831990486179169e-03	4.2966650074666434e-04
1.5258789062500000e+01	4.8859310746223843e-03	5.1835765158297930e-04
1.6450881958007812e+01	3.6355085946864806e-03	6.4023178799666521e-04
1.7762184143066406e+01	4.4433545990426367e-03	3.5318075337004406e-04
1.9192695617675781e+01	4.1918021171311924e-03	4.5811787195162561e-04
2.0742416381835938e+01	4.2088600968852420e-03	4.2434686485535685e-04
2.2411346435546875e+01	3.9761183945960987e-03	3.8917065920744242e-04
2.4199485778808594e+01	4.0860580789443086e-03	3.0664156327038581e-04
2.6106834411621094e+01	3.1681253745298571e-03	3.0754723263863451e-04
2.8133392333984375e+01	2.9062850851754806e-03	2.1331993462799591e-04
3.0398368835449219e+01	3.6681638201713522e-03	4.7287956119431752e-04
3.2901763916015625e+01	2.7599490556648402e-03	2.4265240357114245e-04
3.5524368286132812e+01	2.9612300817570807e-03	2.4686562884173181e-04
3.8266181945800781e+01	3.3435110656458867e-03	2.7522258488267082e-04
4.1365623474121094e+01	2.9271359263591847e-03	1.9120371902857055e-04
4.4703483581542969e+01	2.8652381230870614e-03	1.8530279020721537e-04
4.8279762268066406e+01	2.4518993342725285e-03	2.2525624943609497e-04
5.2094459533691406e+01	2.7017003704259282e-03	2.4693608892851078e-04
5.6266784667968750e+01	2.5804087866107641e-03	1.4223323632921192e-04
6.0796737670898438e+01	2.4609021535426448e-03	1.4005082575444379e-04
6.5565109252929688e+01	2.3316521094198968e-03	1.6196915233272568e-04
7.0810317993164062e+01	2.2775289001617828e-03	1.3159052217438254e-04
7.6532363891601562e+01	2.1608819662277019e-03	1.1976815087210879e-04
8.2612037658691406e+01	2.1926677517471556e-03	1.5966607244756838e-04
8.9168548583984375e+01	2.0934072869755209e-03	9.4706873733113608e-05
9.6321105957031250e+01	1.7919987348923906e-03	8.4386358670840547e-05
1.0395050048828125e+02	1.9175407873095636e-03	8.1117824609430777e-05
1.1229515075683594e+02	1.5742701742636398e-03	8.0466030753906866e-05
1.2135505676269531e+02	1.5813788376437465e-03	8.0533911940082391e-05
1.3101100921630859e+02	1.5961272321078292e-03	6.9609113030779374e-05
1.4138221740722656e+02	1.3368770706705803e-03	6.6189404022688460e-05
1.5258789062500000e+02	1.3062426903095597e-03	5.0708789869214722e-05
1.6474723815917969e+02	1.2640958495547718e-03	4.9770255950920864e-05
1.7797946929931641e+02	1.1842643579185392e-03	4.0018239491239993e-05
1.9216537475585938e+02	1.0432004613448022e-03	3.0810854421571572e-05
2.0742416381835938e+02	1.0375861879722598e-03	3.4204050704990973e-05
2.2399425506591797e+02	9.1088504596965381e-04	3.3072195179362755e-05
2.4187564849853516e+02	8.8145198651055023e-04	2.7409675690873344e-05
2.6118755340576172e+02	6.9060356412132238e-04	2.0360492680380825e-05
2.8204917907714844e+02	6.6050242606333033e-04	2.0337164880778873e-05
3.0457973480224609e+02	5.8856887921421286e-04	1.8961840427233622e-05
3.2889842987060547e+02	5.0877861085046341e-04	1.5588625044952340e-05
3.5512447357177734e+02	4.2468518481737289e-04	1.1976488845266580e-05
3.8337707519531250e+02	4.2431579019778631e-04	1.1011407018726326e-05
4.1389465332031250e+02	3.5999793799370341e-04	9.4125883842738581e-06
4.4691562652587891e+02	3.1000743753491027e-04	7.9857013417996170e-06
4.8267841339111328e+02	2.6532356004543698e-04	6.1575997157307718e-06
5.2118301391601562e+02	2.4297294903727451e-04	5.9481605599433438e-06
5.6266784667968750e+02	2.0509983221409132e-04	4.4720391569822481e-06
6.0760974884033203e+02	1.7905022784434388e-04	3.7553929988964640e-06
6.5612792968750000e+02	1.5795603103479968e-04	3.1830696087682071e-06
7.0846080780029297e+02	1.3381366822606111e-04	2.6692466169375718e-06
7.6496601104736328e+02	1.1342657132554045e-04	2.0730560071343545e-06
8.2600116729736328e+02	9.7467034711456142e-05	1.6915479974487525e-06
8.9192390441894531e+02	8.3634405028414446e-05	1.3971700044553069e-06
9.6309185028076172e+02	7.4521998637044694e-05	1.2293474654131841e-06
1.0398626327514648e+03	6.1677021056511934e-05	9.9630844443379630e-07
1.1228322982788086e+03	5.4944642501670541e-05	8.4784834708128806e-07
1.2124776840209961e+03	4.7974867526834446e-05	7.1097659838960368e-07
1.3091564178466797e+03	3.9819420395082352e-05	5.1588196202180221e-07
1.4135837554931641e+03	3.5430091571004778e-05	4.9534001012381803e-07
1.5263557434082031e+03	2.9083995988140245e-05	3.8513952419990982e-07
1.6480684280395508e+03	2.5179517124714517e-05	3.2678127356897848e-07
1.7795562744140625e+03	2.1703849652991337e-05	2.4773126704503261e-07
1.9215345382690430e+03	1.8787964211231293e-05	2.3037750098285528e-07
2.0748376846313477e+03	1.6018432432964103e-05	1.7637187459762479e-07
2.2404193878173828e+03	1.3465265198664470e-05	1.5287764868293368e-07
2.4191141128540039e+03	1.1815583039816403e-05	1.1978436221281951e-07
2.6121139526367188e+03	1.0120800116553495e-05	1.0366879784411979e-07
2.8204917907714844e+03	8.6604503484133362e-06	8.3204225607547660e-08
3.0454397201538086e+03	7.3184788934069543e-06	6.9374624455050739e-08
3.2883882522583008e+03	6.2696866227015968e-06	5.4421861623838033e-08
3.5507678985595703e+03	5.3458349980166508e-06	4.5345248464153977e-08
3.8340091705322266e+03	4.6025195258690990e-06	4.0479322070953500e-08
4.1397809982299805e+03	3.8942842006818746e-06	3.1626098172726250e-08
4.4701099395751953e+03	3.3536079972568209e-06	2.5644880626363272e-08
4.8267841339111328e+03	2.8859508962390354e-06	2.1318311882267955e-08
5.2118301391601562e+03	2.4287089994205589e-06	1.7356995044518966e-08
5.6276321411132812e+03	2.1003374601238192e-06	1.4486032605323687e-08
6.0765743255615234e+03	1.7815946016052726e-06	1.1765345454528200e-08
6.5612792968750000e+03	1.5325230662754544e-06	9.8680571980713418e-09
7.0847272872924805e+03	1.3016743568207992e-06	8.2231484939509767e-09
7.6498985290527344e+03	1.1083588053140023e-06	6.6479357851421252e-09
8.2601308822631836e+03	9.4155361460787477e-07	5.4551052045062346e-09
8.9191198348999023e+03	8.0627047802913134e-07	4.4385744324902756e-09
9.6306800842285156e+03	6.8659223598827274e-07	3.6677510366977547e-09
1.0398983955383301e+04	5.8957602452561305e-07	3.0272683243370837e-09
1.1228442192077637e+04	4.9904722435122740e-07	2.3795943891455571e-09
1.2124180793762207e+04	4.2591552204760484e-07	2.0111311912357590e-09
1.3091444969177246e+04	3.6459482668155256e-07	1.6329066671083595e-09
1.4135718345642090e+04	3.0990341186391381e-07	1.3122238992250491e-09
1.5263438224792480e+04	2.6258146451415496e-07	1.1048032023331646e-09
1.6481161117553711e+04	2.2372366426764166e-07	8.9204928747648886e-10
1.7795920372009277e+04	1.9085194828533694e-07	7.3528650807944390e-10
1.9215583801269531e+04	1.6333469050453924e-07	5.9442347300366315e-10
2.0748496055603027e+04	1.3846029353270586e-07	4.9199967015350914e-10
2.2403717041015625e+04	1.1759146668879481e-07	4.1287948494791560e-10
2.4191021919250488e+04	1.0019061267535380e-07	3.3386492142883707e-10
2.6120781898498535e+04	8.5680603108512928e-08	2.7634350564907001e-10
2.8204560279846191e+04	7.1738970031607261e-08	2.1994091492699538e-10
3.0454635620117188e+04	6.1108139670176738e-08	1.7922762259924207e-10
3.2884120941162109e+04	5.1802296501631809e-08	1.4733932988505195e-10
3.5507440567016602e+04	4.4095184826205748e-08	1.2205965854141327e-10
3.8340091705322266e+04	3.7328036376374809e-08	9.8151107114878899e-11
4.1398644447326660e+04	3.1876856317514246e-08	8.0970855125527258e-11
4.4701218605041504e+04	2.6885531324679064e-08	6.5476043523699962e-11
4.8267364501953125e+04	2.2629067144003150e-08	5.3591595029741223e-11
5.2117824554443359e+04	1.9243490986071470e-08	4.3758994114814802e-11
5.6275486946105957e+04	1.6256044301902750e-08	3.5285122549665941e-11
6.0764908790588379e+04	1.3759924751565600e-08	2.9169435341758069e-11
6.5612435340881348e+04	1.1577556031513380e-08	2.3369100847890688e-11
7.0846676826477051e+04	9.8001703483137747e-09	1.9101008501322841e-11
7.6498508453369141e+04	8.2291032979170735e-09	1.5281139119932726e-11
8.2601189613342285e+04	6.9627360556058480e-09	1.2511087045351652e-11
8.9190721511840820e+04	5.8474081540678166e-09	1.0089402633224180e-11
9.6305966377258301e+04	4.9449355923218125e-09	8.2228691380555269e-12
1.0398876667022705e+05	4.1460564958364825e-09	6.6096707687319841e-12
1.1228442192077637e+05	3.5021996279178466e-09	5.4002451276550976e-12
1.2124192714691162e+05	2.9289612250759784e-09	4.3797009101237598e-12
1.3091409206390381e+05	2.4740554392363580e-09	3.5272094178809758e-12
1.4135777950286865e+05	2.0746097787262672e-09	2.8531479451207086e-12
1.5263462066650391e+05	1.7336505795193888e-09	2.3023999068886522e-12
1.6481113433837891e+05	1.4518394608980535e-09	1.8499972313195969e-12
1.7795896530151367e+05	1.2174318979585517e-09	1.4930700796537901e-12
1.9215559959411621e+05	1.0204407605935167e-09	1.2073500901453256e-12
2.0748484134674072e+05	8.5383518321646157e-10	9.6801369922079500e-13
2.2403705120086670e+05	7.1491688859699668e-10	7.8383958469831219e-13
2.4190962314605713e+05	5.9776234133116986e-10	6.2882299811088534e-13
2.6120793819427490e+05	4.9872102522882176e-10	5.0461864315268255e-13
2.8204584121704102e+05	4.1750871364753504e-10	4.0805840993358488e-13
3.0454611778259277e+05	3.4882808204846828e-10	3.2814595171783220e-13
3.2884132862091064e+05	2.9206142035348994e-10	2.6635275146080075e-13
3.5507464408874512e+05	2.4629338143730065e-10	2.1316307537993117e-13
3.8340079784393311e+05	2.0873167476226336e-10	1.7407278453515217e-13
4.1398668289184570e+05	1.7929844106495957e-10	1.4296428099047784e-13
4.4701254367828369e+05	1.6024912425934736e-10	1.2333760115171797e-13
4.8207950592041016e+05	1.4982867122771838e-10	1.1192132683186038e-13
