x		y		e
4.9999999999999998e-07	4.8581538646511853e+08	2.8925228347447354e+08
1.9999999999999999e-06	1.7299682180973571e+07	0.0000000000000000e+00
3.0000000000000001e-06	2.4668429383820590e+07	0.0000000000000000e+00
3.9999999999999998e-06	1.2695523070974868e+07	0.0000000000000000e+00
4.9999999999999996e-06	9.0361453202365581e+06	0.0000000000000000e+00
6.0000000000000002e-06	6.6599774013805958e+06	0.0000000000000000e+00
6.9999999999999999e-06	5.0649779664819948e+06	0.0000000000000000e+00
7.9999999999999996e-06	4.0000898792839381e+06	0.0000000000000000e+00
9.0000000000000002e-06	3.1966101309187063e+06	0.0000000000000000e+00
9.9999999999999991e-06	2.3751168657813105e+06	0.0000000000000000e+00
1.1000000000000000e-05	2.2055354615313509e+06	0.0000000000000000e+00
1.2000000000000000e-05	1.3543161040015069e+06	0.0000000000000000e+00
1.2999999999999999e-05	1.3659199664001905e+06	0.0000000000000000e+00
1.4000000000000000e-05	8.8899877133623138e+05	0.0000000000000000e+00
1.4999999999999999e-05	8.7515143507545919e+05	0.0000000000000000e+00
1.6500000000000001e-05	4.3332257885309460e+05	1.1152080145549461e+05
1.8000000000000000e-05	-3.7502778746135926e+04	0.0000000000000000e+00
1.8999999999999998e-05	-4.8279782078352830e+04	0.0000000000000000e+00
2.0499999999999997e-05	-3.6249319104165741e+05	4.8785266636984516e+03
2.2499999999999998e-05	-2.6562631652370270e+05	2.3033394488358783e+04
2.4499999999999999e-05	-4.7973060877053009e+05	1.4243204240511553e+05
2.6500000000000000e-05	-5.0028279613709799e+05	3.1409989664366443e+04
2.8500000000000002e-05	-4.5057275304283731e+05	1.9542698926485777e+04
3.0499999999999999e-05	-6.5622967068421026e+05	5.3411762121945700e+04
3.2999999999999996e-05	-7.9507055085053446e+05	6.4652474658572944e+04
3.5499999999999996e-05	-9.6680830505234294e+05	2.5732797190197633e+05
3.7999999999999995e-05	-8.9498525972275052e+05	4.6558908733022428e+04
4.0999999999999994e-05	-9.1822764694431575e+05	4.9788197039377563e+04
4.4500000000000004e-05	-9.0858494469398470e+05	8.1067891692937977e+04
4.8500000000000000e-05	-1.1146086743151920e+06	5.1634554573767869e+04
5.2500000000000002e-05	-9.5301908686259994e+05	2.6800462606115107e+04
5.6499999999999998e-05	-1.1464799712120204e+06	5.3451184835498301e+04
6.0999999999999999e-05	-9.9708470480609569e+05	3.6513357631347033e+04
6.6000000000000005e-05	-1.0040467369698302e+06	6.0699981661114507e+04
7.0999999999999991e-05	-1.0467768478787668e+06	4.9393900741444981e+04
7.6500000000000003e-05	-1.0309325106638097e+06	5.0364918235566685e+04
8.2500000000000000e-05	-1.0860930868491181e+06	6.4624404918974251e+04
8.8999999999999995e-05	-1.1788954791592311e+06	4.1979297524787638e+04
9.5999999999999989e-05	-1.0317039033748165e+06	4.4759822005958267e+04
1.0349999999999999e-04	-1.1704336450764830e+06	5.0551878984418167e+04
1.1199999999999997e-04	-1.0234341933136034e+06	2.8269916359497365e+04
1.2099999999999999e-04	-1.1292736746796807e+06	4.2512508763378733e+04
1.3050000000000000e-04	-1.0310202532133047e+06	2.4899358775812714e+04
1.4100000000000001e-04	-1.0114135393580995e+06	3.5991630594295537e+04
1.5249999999999999e-04	-1.0579754723479995e+06	5.2308880713560735e+04
1.6500000000000003e-04	-1.0370606184772009e+06	4.5788399491587945e+04
1.7800000000000002e-04	-9.9279186865482922e+05	3.3455314839917351e+04
1.9200000000000000e-04	-9.9167500499381544e+05	4.4193501117401502e+04
2.0750000000000000e-04	-9.7580135946116899e+05	3.8682551117245850e+04
2.2400000000000000e-04	-9.5749363171574776e+05	2.9179734576934366e+04
2.4200000000000003e-04	-9.0207696894247516e+05	4.6508534166689235e+04
2.6150000000000001e-04	-8.4733268304031121e+05	2.2834545340240547e+04
2.8200000000000002e-04	-8.5697943427105888e+05	2.6720619945063911e+04
3.0450000000000003e-04	-8.3604943476814136e+05	2.1891704300182915e+04
3.2899999999999992e-04	-7.5058504934063670e+05	2.2474079456999556e+04
3.5500000000000001e-04	-7.0134426854700805e+05	2.4714524400590039e+04
3.8350000000000000e-04	-6.4609845863957040e+05	1.9308106181330430e+04
4.1399999999999998e-04	-6.7381718218630867e+05	2.0054784315469271e+04
4.4699999999999997e-04	-6.0434294334040338e+05	2.5919506426200012e+04
4.8299999999999992e-04	-5.5238364383919176e+05	1.8982122593481065e+04
5.2150000000000005e-04	-5.3981009111859254e+05	2.4640463297506805e+04
5.6300000000000002e-04	-5.1841503136920091e+05	1.8869361797882790e+04
6.0749999999999997e-04	-3.9232655076431728e+05	1.8999991488792737e+04
6.5600000000000001e-04	-4.1134471146211924e+05	1.6920222305017818e+04
7.0849999999999982e-04	-3.9049849849978840e+05	1.4847976886408280e+04
7.6500000000000005e-04	-3.0023128914406442e+05	1.6203543327502195e+04
8.2599999999999969e-04	-3.0714952327677817e+05	1.4735991189120514e+04
8.9200000000000011e-04	-2.4182233153015046e+05	1.5760663826882435e+04
9.6299999999999966e-04	-1.8793927311925730e+05	1.3182394709758806e+04
1.0394999999999998e-03	-2.2432640736870671e+05	1.3159460369110893e+04
1.1225000000000000e-03	-1.6091721958399256e+05	1.2616197777728452e+04
1.2120000000000000e-03	-1.0097840312751387e+05	1.2380018431540968e+04
1.3090000000000003e-03	-6.9226057334989426e+04	1.1667010607307804e+04
1.4134999999999998e-03	-8.3378725527336239e+04	1.0600538232472551e+04
1.5259999999999998e-03	-4.7600901625924424e+04	9.3562161288678508e+03
1.6480000000000006e-03	-5.7771061593562481e+04	9.7541380370324387e+03
1.7795000000000005e-03	-2.9644549796468109e+04	9.3608863502881923e+03
1.9215000000000002e-03	-5.7248635261445394e+04	9.8153804573399193e+03
2.0749999999999996e-03	-7.7075037747064262e+03	8.7868191507739957e+03
2.2404999999999999e-03	-2.3990635002169980e+04	8.6017070542797301e+03
2.4190000000000001e-03	-2.2058150480131804e+04	8.6587521152313311e+03
2.6119999999999997e-03	2.1667724861400829e+03	7.8390504027842326e+03
2.8204999999999997e-03	-3.6476114602520170e+03	9.2215247497276105e+03
3.0455000000000000e-03	2.9039354971878079e+03	7.7262348913552141e+03
3.2885000000000002e-03	-1.7550086251897588e+04	7.2819285513069271e+03
3.5504999999999998e-03	-2.8491673519439496e+03	6.9535324477725735e+03
3.8339999999999997e-03	1.8732643213375406e+04	6.9637832518026180e+03
4.1399999999999996e-03	-1.3355013695424952e+04	6.8684971543231904e+03
4.4700000000000000e-03	-3.5033611025953401e+03	6.6545954350288685e+03
4.8205000000000019e-03	1.0671237085613653e+04	5.5077560725436397e+03
