x		y		e
0.0000000000000000e+00	9.8466560763089799e+00	0.0000000000000000e+00
2.3841857910156250e-01	8.8798443242334799e-03	0.0000000000000000e+00
4.7683715820312500e-01	9.7556317959147706e-03	0.0000000000000000e+00
7.1525573730468750e-01	7.3222060890327616e-03	0.0000000000000000e+00
9.5367431640625000e-01	5.2636049641283057e-03	0.0000000000000000e+00
1.1920928955078125e+00	5.7664593865760028e-03	0.0000000000000000e+00
1.4305114746093750e+00	3.1387565946919059e-03	0.0000000000000000e+00
1.6689300537109375e+00	6.9790149443582838e-03	0.0000000000000000e+00
1.9073486328125000e+00	6.0681287517299065e-03	0.0000000000000000e+00
2.1457672119140625e+00	3.4583146088714204e-03	0.0000000000000000e+00
2.3841857910156250e+00	2.7401607548694315e-03	0.0000000000000000e+00
2.6226043701171875e+00	4.0880910239247323e-03	0.0000000000000000e+00
2.8610229492187500e+00	7.3371168763871801e-03	0.0000000000000000e+00
3.0994415283203125e+00	4.0833544804240564e-03	0.0000000000000000e+00
3.3378601074218750e+00	3.7228514874342047e-03	0.0000000000000000e+00
3.5762786865234375e+00	4.6556730303636612e-03	0.0000000000000000e+00
3.8146972656250000e+00	5.4754959661256451e-03	0.0000000000000000e+00
4.1723251342773438e+00	3.6332057999062264e-03	7.6067653251708561e-04
4.5299530029296875e+00	4.8750082010561068e-03	0.0000000000000000e+00
4.8875808715820312e+00	5.9013702543289966e-03	5.2869824261828427e-04
5.2452087402343750e+00	3.5215584642918018e-03	0.0000000000000000e+00
5.6028366088867188e+00	4.3703552047665260e-03	1.6729684459755513e-04
6.0796737670898438e+00	4.8520598461561752e-03	2.3749902913605664e-04
6.5565109252929688e+00	5.1360414733461028e-03	9.6784205183072058e-06
7.0333480834960938e+00	4.3879881235816456e-03	2.7934198654754630e-04
7.6293945312500000e+00	3.0236092597906938e-03	6.7194651009302411e-04
8.2254409790039062e+00	4.4484716699185571e-03	4.1500613972435968e-04
8.8214874267578125e+00	3.7223681347724295e-03	2.2228641054584621e-04
9.5367431640625000e+00	3.3522311619840982e-03	2.7309133574872265e-04
1.0371208190917969e+01	3.8255786671106936e-03	7.1080524606576868e-04
1.1205673217773438e+01	3.4975772925779033e-03	5.1494667098416912e-04
1.2040138244628906e+01	4.3901774485189922e-03	1.9194909466065634e-04
1.3113021850585938e+01	4.4234780525308198e-03	4.2286128400861829e-04
1.4185905456542969e+01	4.9202270808505833e-03	6.2906898901836654e-04
1.5258789062500000e+01	4.2545227111889291e-03	6.6769061723445048e-04
1.6450881958007812e+01	3.7481417138763053e-03	6.9331676922442572e-04
1.7762184143066406e+01	4.2068624876366416e-03	2.7996155320789324e-04
1.9192695617675781e+01	3.5863872153076046e-03	4.4759331947386819e-04
2.0742416381835938e+01	4.1083884231348797e-03	5.0544345607288991e-04
2.2411346435546875e+01	3.8236211355561741e-03	4.0083303781281203e-04
2.4199485778808594e+01	3.8422410503800271e-03	4.7897959215371857e-04
2.6106834411621094e+01	3.7091880518111387e-03	2.5024202845181579e-04
2.8133392333984375e+01	3.1732193929983905e-03	3.5627689427563574e-04
3.0398368835449219e+01	4.1685729121044048e-03	2.7539471445825849e-04
3.2901763916015625e+01	3.8944440567894130e-03	2.7058180509002627e-04
3.5524368286132812e+01	3.4898181059183149e-03	2.7135110006611080e-04
3.8266181945800781e+01	4.0405196526790777e-03	2.8437927469954596e-04
4.1365623474121094e+01	3.7635126549316936e-03	1.9915814454801354e-04
4.4703483581542969e+01	3.9461827892033402e-03	2.5248779894955536e-04
4.8279762268066406e+01	3.2857787156105995e-03	2.8177264753303708e-04
5.2094459533691406e+01	3.7864298146467515e-03	2.7879340190209488e-04
5.6266784667968750e+01	3.4989358962895650e-03	2.9466716172597547e-04
6.0796737670898438e+01	3.8237215667082688e-03	3.1832094695639603e-04
6.5565109252929688e+01	3.4754897237744714e-03	1.6450438208853052e-04
7.0810317993164062e+01	3.6825297573408406e-03	1.5005765615229696e-04
7.6532363891601562e+01	3.2693313061511547e-03	1.7945111441728333e-04
8.2612037658691406e+01	3.1517891227897778e-03	1.7889069031563730e-04
8.9168548583984375e+01	3.1048721434301595e-03	1.8639065470687762e-04
9.6321105957031250e+01	3.3152525986644412e-03	1.7573962148941728e-04
1.0395050048828125e+02	3.1760076360713646e-03	1.6465891088750074e-04
1.1229515075683594e+02	2.8471527612380040e-03	8.8807167865378423e-05
1.2135505676269531e+02	2.9134830772790062e-03	1.1277757348930564e-04
1.3101100921630859e+02	2.6173242669609632e-03	1.3046614353082241e-04
1.4138221740722656e+02	2.5088702836664591e-03	1.0433207641209638e-04
1.5258789062500000e+02	2.4398054002225792e-03	1.1928878069552641e-04
1.6474723815917969e+02	2.2245331067674823e-03	9.5473210585790070e-05
1.7797946929931641e+02	1.8908343656624128e-03	6.7709604095707592e-05
1.9216537475585938e+02	1.7388591507985483e-03	6.5870131076475931e-05
2.0742416381835938e+02	1.5661577014503265e-03	5.4934615054225005e-05
2.2399425506591797e+02	1.5246074695525426e-03	5.3790514391550830e-05
2.4187564849853516e+02	1.3770849889357558e-03	4.8808546525324024e-05
2.6118755340576172e+02	1.2301854603702362e-03	4.4422992556991420e-05
2.8204917907714844e+02	1.0703660921541356e-03	3.5136259466181353e-05
3.0457973480224609e+02	9.7123853153844675e-04	2.5792302606808328e-05
3.2889842987060547e+02	9.0383006666668541e-04	2.1418580217090882e-05
3.5512447357177734e+02	7.6293478592708919e-04	1.9070083880210522e-05
3.8337707519531250e+02	7.2508494778210125e-04	1.9749810085743972e-05
4.1389465332031250e+02	6.3876338400777608e-04	1.6006677309734698e-05
4.4691562652587891e+02	5.3843378630696046e-04	1.3697840194069359e-05
4.8267841339111328e+02	4.6436845874300002e-04	9.9438586886393073e-06
5.2118301391601562e+02	4.0647857505997066e-04	8.9004110937411096e-06
5.6266784667968750e+02	3.5654919427062233e-04	7.6976273617988963e-06
6.0760974884033203e+02	3.1936765744984362e-04	7.1372949945336338e-06
6.5612792968750000e+02	2.6436742873635105e-04	5.2903258160281389e-06
7.0846080780029297e+02	2.2316562082421920e-04	4.3876584118007506e-06
7.6496601104736328e+02	2.0572613830477333e-04	3.9749944036537478e-06
8.2600116729736328e+02	1.7206700706385219e-04	3.1831853235530283e-06
8.9192390441894531e+02	1.4760966074241335e-04	2.3060154966144846e-06
9.6309185028076172e+02	1.2896543583403435e-04	1.9624284659750919e-06
1.0398626327514648e+03	1.1130517008362551e-04	1.7229143748329444e-06
1.1228322982788086e+03	9.3066991276195181e-05	1.4505981515149368e-06
1.2124776840209961e+03	7.7807245482907394e-05	1.1618202755738801e-06
1.3091564178466797e+03	7.0324987560638774e-05	1.0087465519635143e-06
1.4135837554931641e+03	6.0426513915516920e-05	7.6753568275703931e-07
1.5263557434082031e+03	5.0455370178796969e-05	6.5176461574085463e-07
1.6480684280395508e+03	4.3860000844321537e-05	5.4858272561486253e-07
1.7795562744140625e+03	3.8006990600199669e-05	4.8546786162323439e-07
1.9215345382690430e+03	3.2607962669571738e-05	3.8380275319309499e-07
2.0748376846313477e+03	2.7164280891880156e-05	3.0822596717515909e-07
2.2404193878173828e+03	2.3457131064666836e-05	2.5298025114677185e-07
2.4191141128540039e+03	2.0436405045780599e-05	2.1830575845291269e-07
2.6121139526367188e+03	1.7337960412277054e-05	1.7319036606538031e-07
2.8204917907714844e+03	1.5057424307778093e-05	1.4185514244038639e-07
3.0454397201538086e+03	1.2777886960881226e-05	1.1958172079774501e-07
3.2883882522583008e+03	1.0904100208071061e-05	9.5199243353186149e-08
3.5507678985595703e+03	9.3432849818215784e-06	8.0027370198604091e-08
3.8340091705322266e+03	7.7990713556531937e-06	6.4004198501919880e-08
4.1397809982299805e+03	6.7721111368911190e-06	5.4523938186096890e-08
4.4701099395751953e+03	5.7664296692457000e-06	4.4297186722399536e-08
4.8267841339111328e+03	5.0193495882183967e-06	3.5700009698062081e-08
5.2118301391601562e+03	4.2167782785859285e-06	3.0189545025336428e-08
5.6276321411132812e+03	3.6338959253260314e-06	2.5652312059557911e-08
6.0765743255615234e+03	3.0660702213767378e-06	2.0601339098056434e-08
6.5612792968750000e+03	2.6591323149597199e-06	1.7236988038273439e-08
7.0847272872924805e+03	2.2501805094094464e-06	1.3469254928894213e-08
7.6498985290527344e+03	1.9332469177400834e-06	1.1023212880120422e-08
8.2601308822631836e+03	1.6472744934448293e-06	9.3316684610157923e-09
8.9191198348999023e+03	1.4084198595366992e-06	7.7862913490211629e-09
9.6306800842285156e+03	1.1888668806614763e-06	6.2371799149057501e-09
1.0398983955383301e+04	1.0200322214606075e-06	5.1823371261798119e-09
1.1228442192077637e+04	8.6383917787086307e-07	4.1469135894485201e-09
1.2124180793762207e+04	7.3909538513683270e-07	3.4434710626285803e-09
1.3091444969177246e+04	6.2322131717706668e-07	2.8248476659130540e-09
1.4135718345642090e+04	5.3355608770542525e-07	2.3118649344250951e-09
1.5263438224792480e+04	4.5970674790378869e-07	1.8891181940381123e-09
1.6481161117553711e+04	3.8549002220977271e-07	1.5537533020227661e-09
1.7795920372009277e+04	3.3058209329750964e-07	1.2966180917538007e-09
1.9215583801269531e+04	2.8044747634610481e-07	1.0435357229239870e-09
2.0748496055603027e+04	2.4057501027136247e-07	8.6740553666812052e-10
2.2403717041015625e+04	2.0248717370600222e-07	6.9460477052267548e-10
2.4191021919250488e+04	1.7251454077878449e-07	5.8233597876555025e-10
2.6120781898498535e+04	1.4614934853417904e-07	4.6586573489674510e-10
2.8204560279846191e+04	1.2397100385904086e-07	3.8112273978986984e-10
3.0454635620117188e+04	1.0530015022681258e-07	3.0999163020462448e-10
3.2884120941162109e+04	8.9410642266021977e-08	2.5644408260553546e-10
3.5507440567016602e+04	7.5916079111969469e-08	2.0768871937649001e-10
3.8340091705322266e+04	6.4310370854713806e-08	1.6757473270718159e-10
4.1398644447326660e+04	5.4600327847057572e-08	1.3816229118397950e-10
4.4701218605041504e+04	4.6290727651434759e-08	1.1306692431729935e-10
4.8267364501953125e+04	3.9266417885055647e-08	9.1605829319351697e-11
5.2117824554443359e+04	3.3090792008339253e-08	7.4415229614594257e-11
5.6275486946105957e+04	2.8020888904535321e-08	6.1068758256494241e-11
6.0764908790588379e+04	2.3704504115868747e-08	4.9799221372202584e-11
6.5612435340881348e+04	2.0084756261731724e-08	4.0311639067105793e-11
7.0846676826477051e+04	1.6947290341363915e-08	3.2962395758996290e-11
7.6498508453369141e+04	1.4234634671647320e-08	2.6555547606789610e-11
8.2601189613342285e+04	1.2086739577727077e-08	2.1477894079236667e-11
8.9190721511840820e+04	1.0159019650800966e-08	1.7613056769407418e-11
9.6305966377258301e+04	8.5767220895425399e-09	1.4296663204231754e-11
1.0398876667022705e+05	7.2393099272341465e-09	1.1676758393562554e-11
1.1228442192077637e+05	6.0769014405659220e-09	9.3627436539443294e-12
1.2124192714691162e+05	5.1207686771270746e-09	7.6167102960359804e-12
1.3091409206390381e+05	4.3144819858206325e-09	6.1665878714110720e-12
1.4135777950286865e+05	3.6273998432114491e-09	5.0149852523558123e-12
1.5263462066650391e+05	3.0512872123904824e-09	4.0384225541601655e-12
1.6481113433837891e+05	2.5584351623321014e-09	3.2553906405247247e-12
1.7795896530151367e+05	2.1505677231356462e-09	2.6171696639593207e-12
1.9215559959411621e+05	1.8007977831863759e-09	2.1358530850966487e-12
2.0748484134674072e+05	1.5135837765691683e-09	1.7143140192613851e-12
2.2403705120086670e+05	1.2691873271884807e-09	1.3842496375738966e-12
2.4190962314605713e+05	1.0647503071339315e-09	1.1218138066341533e-12
2.6120793819427490e+05	8.9085336724907625e-10	9.0623365326729946e-13
2.8204584121704102e+05	7.4579013486926560e-10	7.2598938462256335e-13
3.0454611778259277e+05	6.2367551615239943e-10	5.8501437044038331e-13
3.2884132862091064e+05	5.1893420906372256e-10	4.7077646859909984e-13
3.5507464408874512e+05	4.3255468285283947e-10	3.7645343619901165e-13
3.8340079784393311e+05	3.6210781056629169e-10	3.0402242676021413e-13
4.1398668289184570e+05	3.0605499268558568e-10	2.4541817536667839e-13
4.4701254367828369e+05	2.6746722745943833e-10	2.0574168511337073e-13
4.8207950592041016e+05	2.4676109871584534e-10	1.8433892669241687e-13
