x		y		e
0.0000000000000000e+00	2.4652754456761934e+00	0.0000000000000000e+00
2.3841857910156250e-01	3.2710569579854021e-02	0.0000000000000000e+00
4.7683715820312500e-01	2.9816799401362764e-02	0.0000000000000000e+00
7.1525573730468750e-01	2.1697759431844498e-02	0.0000000000000000e+00
9.5367431640625000e-01	3.2055986689851837e-02	0.0000000000000000e+00
1.1920928955078125e+00	2.1645945749709402e-02	0.0000000000000000e+00
1.4305114746093750e+00	3.2993476828739730e-02	0.0000000000000000e+00
1.6689300537109375e+00	2.6193953660158475e-02	0.0000000000000000e+00
1.9073486328125000e+00	2.0177716762494805e-02	0.0000000000000000e+00
2.1457672119140625e+00	1.3026336829338373e-02	0.0000000000000000e+00
2.3841857910156250e+00	2.0736720776464629e-02	0.0000000000000000e+00
2.6226043701171875e+00	2.0393908532780506e-02	0.0000000000000000e+00
2.8610229492187500e+00	2.5337116469335858e-02	0.0000000000000000e+00
3.0994415283203125e+00	1.4129872318582636e-02	0.0000000000000000e+00
3.3378601074218750e+00	3.2027746084320657e-02	0.0000000000000000e+00
3.5762786865234375e+00	4.2490457314042530e-02	0.0000000000000000e+00
3.8146972656250000e+00	2.0393532442398284e-02	0.0000000000000000e+00
4.1723251342773438e+00	2.2600142501122043e-02	1.3001665385142282e-03
4.5299530029296875e+00	3.4300920684170844e-02	0.0000000000000000e+00
4.8875808715820312e+00	1.5755348824943938e-02	1.6100229139031851e-03
5.2452087402343750e+00	2.4305863226552357e-02	0.0000000000000000e+00
5.6028366088867188e+00	1.2220734481622371e-02	4.1346936002960126e-03
6.0796737670898438e+00	2.1628936726557167e-02	2.2388431756247972e-03
6.5565109252929688e+00	1.9288502384923314e-02	6.5969733152601486e-04
7.0333480834960938e+00	2.5119897540749850e-02	2.1295184252130119e-03
7.6293945312500000e+00	2.0617876822650389e-02	3.9773438426241531e-03
8.2254409790039062e+00	1.8319869889292042e-02	3.7413825088049484e-03
8.8214874267578125e+00	2.0559900939114490e-02	1.8716275680548482e-03
9.5367431640625000e+00	2.3532711120372803e-02	2.4504706361999193e-03
1.0371208190917969e+01	1.9467662292148361e-02	3.1167123729894616e-03
1.1205673217773438e+01	1.5110862427776435e-02	1.3331537215975167e-03
1.2040138244628906e+01	2.0572522489020993e-02	3.8609200498185411e-03
1.3113021850585938e+01	1.2359970001031815e-02	1.2818896456039462e-03
1.4185905456542969e+01	1.9021240401876062e-02	3.9539906510701614e-03
1.5258789062500000e+01	1.9557858575404711e-02	1.9341319320137342e-03
1.6450881958007812e+01	1.7282876664534142e-02	2.0658913922544154e-03
1.7762184143066406e+01	1.5334329121604104e-02	1.8776670478699380e-03
1.9192695617675781e+01	1.6693808592242083e-02	2.4116413386201245e-03
2.0742416381835938e+01	1.3732517192565392e-02	1.0384731252304860e-03
2.2411346435546875e+01	1.5243421994808951e-02	2.0612944727234736e-03
2.4199485778808594e+01	1.4188225564619288e-02	1.4422347429657739e-03
2.6106834411621094e+01	1.5785736570394455e-02	1.2774120637269704e-03
2.8133392333984375e+01	1.5450976486226033e-02	1.7559337764372772e-03
3.0398368835449219e+01	1.1787457229918297e-02	8.8561846186701850e-04
3.2901763916015625e+01	1.0243805173543296e-02	8.6572633675914199e-04
3.5524368286132812e+01	1.1096585455489187e-02	6.5199051997491325e-04
3.8266181945800781e+01	1.1106018774660066e-02	1.0824233401382107e-03
4.1365623474121094e+01	9.7623610230849946e-03	7.1320392697252330e-04
4.4703483581542969e+01	9.1161964108488047e-03	8.1346011984894892e-04
4.8279762268066406e+01	7.5579578698910348e-03	3.5393491915715379e-04
5.2094459533691406e+01	8.5342123107232676e-03	5.5891736118784670e-04
5.6266784667968750e+01	7.5749881142714000e-03	3.7382469401670828e-04
6.0796737670898438e+01	7.2284318298471706e-03	4.2535946920306463e-04
6.5565109252929688e+01	6.8304177080418605e-03	5.0535159098205346e-04
7.0810317993164062e+01	6.1024741626674994e-03	3.6480426495187168e-04
7.6532363891601562e+01	6.5762087326899019e-03	3.9628533980590256e-04
8.2612037658691406e+01	5.9076561884222690e-03	3.6718932046564764e-04
8.9168548583984375e+01	5.2156082059464995e-03	2.3123791758699865e-04
9.6321105957031250e+01	5.2107873192961708e-03	2.6930980051499540e-04
1.0395050048828125e+02	4.7258736221583294e-03	2.5047089510435249e-04
1.1229515075683594e+02	4.5709258365710615e-03	2.2220335439002099e-04
1.2135505676269531e+02	4.0405721544084288e-03	2.0307228410939107e-04
1.3101100921630859e+02	3.9933575234799438e-03	1.8014661964897927e-04
1.4138221740722656e+02	3.6403286736320039e-03	1.1748533775051455e-04
1.5258789062500000e+02	3.4309267731647010e-03	1.5201387471121852e-04
1.6474723815917969e+02	2.9792932559689614e-03	1.1150174807334097e-04
1.7797946929931641e+02	2.8695826813375474e-03	1.0135342603009485e-04
1.9216537475585938e+02	2.5596715880353777e-03	1.0208721340157128e-04
2.0742416381835938e+02	2.5271333969016960e-03	9.3393521445612009e-05
2.2399425506591797e+02	2.1748787093249984e-03	7.6214549213127815e-05
2.4187564849853516e+02	1.8493742507808763e-03	5.8776941562040704e-05
2.6118755340576172e+02	1.7702654318332493e-03	5.2782298973284095e-05
2.8204917907714844e+02	1.4715090873701449e-03	4.8118830845187791e-05
3.0457973480224609e+02	1.3414826967782694e-03	4.2643127793324776e-05
3.2889842987060547e+02	1.1848910722996537e-03	2.9470729843313129e-05
3.5512447357177734e+02	9.9483961911387233e-04	2.7371828208574641e-05
3.8337707519531250e+02	9.5177862976541399e-04	2.5407543350117922e-05
4.1389465332031250e+02	8.1532016998223859e-04	2.0558709248278806e-05
4.4691562652587891e+02	6.9707896835809386e-04	1.6262025090206474e-05
4.8267841339111328e+02	5.7660502993226608e-04	1.2969201815187387e-05
5.2118301391601562e+02	5.2451260358382429e-04	1.2145263724422241e-05
5.6266784667968750e+02	4.5937024939089971e-04	1.0202519844368627e-05
6.0760974884033203e+02	3.9031886146875913e-04	7.9360886650438517e-06
6.5612792968750000e+02	3.4790923137622914e-04	6.9151737200730276e-06
7.0846080780029297e+02	3.0930704473199305e-04	5.7551445845677392e-06
7.6496601104736328e+02	2.4840347613228162e-04	5.0333029581618168e-06
8.2600116729736328e+02	2.2385187743338605e-04	3.9707490220024607e-06
8.9192390441894531e+02	1.8865337487381653e-04	3.0998394361652395e-06
9.6309185028076172e+02	1.6038121435252767e-04	2.6642188176526603e-06
1.0398626327514648e+03	1.3928363523776747e-04	2.3313372470385177e-06
1.1228322982788086e+03	1.1788053893948072e-04	1.7907890371015993e-06
1.2124776840209961e+03	1.0346344589322734e-04	1.4661879960434502e-06
1.3091564178466797e+03	8.6378244372352315e-05	1.2743748742889894e-06
1.4135837554931641e+03	7.5440296286866186e-05	1.0220427771644580e-06
1.5263557434082031e+03	6.3882988962136707e-05	8.7749479518739400e-07
1.6480684280395508e+03	5.5471040597288672e-05	6.7937042339965691e-07
1.7795562744140625e+03	4.7136060975122409e-05	5.8688360623517899e-07
1.9215345382690430e+03	4.0361962759451699e-05	4.7387249107797772e-07
2.0748376846313477e+03	3.4959548027526532e-05	4.0678548440383247e-07
2.2404193878173828e+03	2.9705478126343911e-05	3.1692455963734256e-07
2.4191141128540039e+03	2.5695103107617696e-05	2.5624616906916062e-07
2.6121139526367188e+03	2.1549082463381558e-05	2.2101734908728116e-07
2.8204917907714844e+03	1.8679359612574238e-05	1.8164168881325000e-07
3.0454397201538086e+03	1.5784909861803023e-05	1.4754329237404161e-07
3.2883882522583008e+03	1.3732785924223929e-05	1.3042733109599791e-07
3.5507678985595703e+03	1.1612412711094371e-05	1.0134897746793627e-07
3.8340091705322266e+03	1.0131770323905793e-05	8.1845399485623557e-08
4.1397809982299805e+03	8.5216959453496892e-06	6.9145499642490384e-08
4.4701099395751953e+03	7.2526877629750377e-06	5.5956371450312014e-08
4.8267841339111328e+03	6.2130020042079726e-06	4.5861294710578259e-08
5.2118301391601562e+03	5.3007662736007701e-06	3.7524493784362171e-08
5.6276321411132812e+03	4.5072363740344859e-06	3.0171112281773539e-08
6.0765743255615234e+03	3.8774578719139789e-06	2.6517299712308715e-08
6.5612792968750000e+03	3.3032260699269429e-06	2.0814030958409845e-08
7.0847272872924805e+03	2.7974777988593556e-06	1.7205041946562654e-08
7.6498985290527344e+03	2.4086532498150850e-06	1.4506588507161895e-08
8.2601308822631836e+03	2.0665182928053160e-06	1.1600611393034659e-08
8.9191198348999023e+03	1.7624173694234280e-06	9.8423863861327145e-09
9.6306800842285156e+03	1.4973243048462750e-06	7.8364614608816210e-09
1.0398983955383301e+04	1.2727257051695221e-06	6.4620964969859685e-09
1.1228442192077637e+04	1.0967961526071977e-06	5.2951675073514925e-09
1.2124180793762207e+04	9.1994217248348583e-07	4.2330320389762757e-09
1.3091444969177246e+04	7.8911526122425841e-07	3.5587499961444921e-09
1.4135718345642090e+04	6.6880469807103277e-07	2.8910315127177040e-09
1.5263438224792480e+04	5.7314308670775329e-07	2.4281599998084233e-09
1.6481161117553711e+04	4.8936172037897490e-07	1.9513731616564669e-09
1.7795920372009277e+04	4.1615006303243315e-07	1.5743770512791858e-09
1.9215583801269531e+04	3.5610223558150037e-07	1.3113522833366601e-09
2.0748496055603027e+04	2.9927008022799319e-07	1.0650234569739140e-09
2.2403717041015625e+04	2.5600895056701564e-07	8.8925010900539201e-10
2.4191021919250488e+04	2.1791812796724269e-07	7.1895124118409294e-10
2.6120781898498535e+04	1.8507139638235547e-07	5.9629514754116758e-10
2.8204560279846191e+04	1.5643156910899216e-07	4.7970403293750186e-10
3.0454635620117188e+04	1.3343209183242926e-07	3.9603539086335379e-10
3.2884120941162109e+04	1.1335650005310640e-07	3.2185204434216662e-10
3.5507440567016602e+04	9.6338130180940353e-08	2.6755681083056746e-10
3.8340091705322266e+04	8.1579787973915414e-08	2.1491985361295400e-10
4.1398644447326660e+04	7.1017066820585794e-08	5.0715474795525059e-10
4.4701218605041504e+04	5.8775860677876436e-08	1.4408079613257503e-10
4.8267364501953125e+04	4.9833169714575720e-08	1.1652254587983199e-10
5.2117824554443359e+04	4.2225871758958699e-08	9.4969102451892240e-11
5.6275486946105957e+04	3.5950588993295291e-08	7.7835897206481564e-11
6.0764908790588379e+04	3.0296400899364930e-08	6.3517058772342311e-11
6.5612435340881348e+04	2.5788335670374968e-08	5.1731374582901386e-11
7.0846676826477051e+04	2.1793860763437735e-08	4.2795517037788409e-11
7.6498508453369141e+04	1.8757209508969264e-08	6.7668477630108028e-11
8.2601189613342285e+04	1.6370407159288431e-08	1.5919748892090462e-10
8.9190721511840820e+04	1.3313065494959647e-08	2.2936821602718330e-11
9.6305966377258301e+04	1.1327569674133439e-08	1.8728890799101694e-11
1.0398876667022705e+05	9.6655177855028810e-09	1.5292855870975903e-11
1.1228442192077637e+05	8.2166754488522058e-09	1.2758025052686513e-11
1.2124192714691162e+05	7.0037124037117376e-09	1.0331814216001069e-11
1.3091409206390381e+05	6.0392717618698376e-09	1.0500715870265257e-11
1.4135777950286865e+05	5.1678558074048777e-09	7.0723939193980818e-12
1.5263462066650391e+05	4.4451854187302789e-09	5.8513558896003068e-12
1.6481113433837891e+05	3.8735239928522919e-09	6.4130177871985399e-12
1.7795896530151367e+05	3.3434650311150662e-09	4.0650305001058557e-12
1.9215559959411621e+05	2.9268457798989374e-09	3.4180997057721075e-12
2.0748484134674072e+05	2.5794436812001321e-09	2.9267495380360942e-12
2.2403705120086670e+05	2.2852264128437083e-09	2.4665624333863175e-12
2.4190962314605713e+05	2.0376556079899080e-09	2.1146680752245997e-12
2.6120793819427490e+05	1.8486284163281124e-09	1.8681537047762491e-12
2.8204584121704102e+05	1.6864110699758347e-09	1.7457884471388088e-12
3.0454611778259277e+05	1.5512028456073360e-09	1.4400645925820703e-12
3.2884132862091064e+05	1.4664944123696470e-09	4.6496746419928878e-12
3.5507464408874512e+05	1.3600481288038121e-09	1.1681228356550681e-12
3.8340079784393311e+05	1.2966908674167081e-09	1.0716844072448219e-12
4.1398668289184570e+05	1.2477388192125462e-09	9.9722133169998123e-13
4.4701254367828369e+05	1.2153238403116960e-09	9.2990056201221166e-13
4.8207950592041016e+05	1.2037791338029563e-09	1.0589586024255787e-12
