x		y		e
4.9999999999999998e-07	5.4570885414537823e-04	5.4570885414537823e-04
1.9999999999999999e-06	2.8438707554632042e-03	0.0000000000000000e+00
3.0000000000000001e-06	4.7177023642656028e-03	0.0000000000000000e+00
3.9999999999999998e-06	6.6946524825936826e-03	0.0000000000000000e+00
4.9999999999999996e-06	8.7331494729395807e-03	0.0000000000000000e+00
6.0000000000000002e-06	1.0815963377917437e-02	0.0000000000000000e+00
6.9999999999999999e-06	1.2932864989807946e-02	0.0000000000000000e+00
7.9999999999999996e-06	1.5076667044110294e-02	0.0000000000000000e+00
9.0000000000000002e-06	1.7242142826409807e-02	0.0000000000000000e+00
9.9999999999999991e-06	1.9425845318694148e-02	0.0000000000000000e+00
1.1000000000000000e-05	2.1624592282301201e-02	0.0000000000000000e+00
1.2000000000000000e-05	2.3836476922174291e-02	0.0000000000000000e+00
1.2999999999999999e-05	2.6059081801873416e-02	0.0000000000000000e+00
1.4000000000000000e-05	2.8290804559437208e-02	0.0000000000000000e+00
1.4999999999999999e-05	3.0530621103861778e-02	0.0000000000000000e+00
1.6500000000000001e-05	3.3904199492630266e-02	1.1264240739708260e-03
1.8000000000000000e-05	3.7288312745920885e-02	0.0000000000000000e+00
1.8999999999999998e-05	3.9550375499437643e-02	0.0000000000000000e+00
2.0499999999999997e-05	4.2952338405189375e-02	1.1353937866803588e-03
2.2499999999999998e-05	4.7501518825029551e-02	1.1392131348969613e-03
2.4499999999999999e-05	5.2064376054542970e-02	1.1420639717383476e-03
2.6500000000000000e-05	5.6637512204675486e-02	1.1443822168084540e-03
2.8500000000000002e-05	6.1218249607751907e-02	1.1458686023162554e-03
3.0499999999999999e-05	6.5803701010594962e-02	1.1467801253972273e-03
3.2999999999999996e-05	7.1540739521119126e-02	1.3256362329188535e-03
3.5499999999999996e-05	7.7284296906331901e-02	1.1489904945322740e-03
3.7999999999999995e-05	8.3032354542838138e-02	1.3277703937944077e-03
4.0999999999999994e-05	8.9931262696540823e-02	1.3275782178721789e-03
4.4500000000000004e-05	9.7978924826754826e-02	1.4837932441936412e-03
4.8500000000000000e-05	1.0716872907796018e-01	1.4824892215597599e-03
5.2500000000000002e-05	1.1634983454869006e-01	1.4805266304629312e-03
5.6499999999999998e-05	1.2551437111170735e-01	1.4773274323044226e-03
6.0999999999999999e-05	1.3580030132135371e-01	1.6146783096242824e-03
6.6000000000000005e-05	1.4720561889511113e-01	1.6112193848558955e-03
7.0999999999999991e-05	1.5857989011106871e-01	1.6057791404954476e-03
7.6500000000000003e-05	1.7104450977755883e-01	1.7273035664434762e-03
8.2500000000000000e-05	1.8458077388786939e-01	1.7189383113132952e-03
8.8999999999999995e-05	1.9917555656552807e-01	1.8298228327389425e-03
9.5999999999999989e-05	2.1483066095593689e-01	1.8222168523812645e-03
1.0349999999999999e-04	2.3151839112289171e-01	1.9215799208057069e-03
1.1199999999999997e-04	2.5032014452311901e-01	2.0129289668721849e-03
1.2099999999999999e-04	2.7008350390375546e-01	1.9953539977681299e-03
1.3050000000000000e-04	2.9075011067684298e-01	2.0736001090501757e-03
1.4100000000000001e-04	3.1338720420503169e-01	2.1468130801962429e-03
1.5249999999999999e-04	3.3795638701173608e-01	2.2123591052585372e-03
1.6500000000000003e-04	3.6438322370695836e-01	2.2715498525101656e-03
1.7800000000000002e-04	3.9154955613177062e-01	2.2427348853417193e-03
1.9200000000000000e-04	4.2042171446158705e-01	2.3677578310267377e-03
2.0750000000000000e-04	4.5198493192199302e-01	2.4054845362075339e-03
2.2400000000000000e-04	4.8507400646081278e-01	2.4370943147786648e-03
2.4200000000000003e-04	5.2056396487134460e-01	2.5228993759448667e-03
2.6150000000000001e-04	5.5831425699189352e-01	2.5379342783038777e-03
2.8200000000000002e-04	5.9725971469578010e-01	2.5480242401823045e-03
3.0450000000000003e-04	6.3913391156430899e-01	2.6576589789581487e-03
3.2899999999999992e-04	6.8374712087850298e-01	2.6511056419370304e-03
3.5500000000000001e-04	7.3001731425963234e-01	2.6865533691158121e-03
3.8350000000000000e-04	7.7946528238032531e-01	2.7532161795097388e-03
4.1399999999999998e-04	8.3095989428619277e-01	2.7141923083315138e-03
4.4699999999999997e-04	8.8488300688925448e-01	2.7852398245139460e-03
4.8299999999999992e-04	9.4185421623834431e-01	2.7715640486879246e-03
5.2150000000000005e-04	1.0005863847867895e+00	2.7625527692553232e-03
5.6300000000000002e-04	1.0612427410802594e+00	2.7371062547928145e-03
6.0749999999999997e-04	1.1233377153780000e+00	2.6972806702468873e-03
6.5600000000000001e-04	1.1877515052985732e+00	2.6941628142743818e-03
7.0849999999999982e-04	1.2536992568793341e+00	2.6149410202573687e-03
7.6500000000000005e-04	1.3206241080802044e+00	2.5675813474037648e-03
8.2599999999999969e-04	1.3884228126040052e+00	2.4871316862665905e-03
8.9200000000000011e-04	1.4571493988236104e+00	2.4316235189414158e-03
9.6299999999999966e-04	1.5260292772103095e+00	2.3230904802269427e-03
1.0394999999999998e-03	1.5949132457655737e+00	2.2550394744884636e-03
1.1225000000000000e-03	1.6641526746730213e+00	2.1523179026132315e-03
1.2120000000000000e-03	1.7322962730504698e+00	2.0376016119467927e-03
1.3090000000000003e-03	1.7992246919325170e+00	1.9055542466925037e-03
1.4134999999999998e-03	1.8635127547770618e+00	1.7489920643587377e-03
1.5259999999999998e-03	1.9249735873737643e+00	1.6206105120061831e-03
1.6480000000000006e-03	1.9848665405264370e+00	1.5197551990323772e-03
1.7795000000000005e-03	2.0422273406654150e+00	1.3810273140078247e-03
1.9215000000000002e-03	2.0963780788999009e+00	1.2457223016384530e-03
2.0749999999999996e-03	2.1461770829289755e+00	1.0866820769444814e-03
2.2404999999999999e-03	2.1905827107440716e+00	9.1091949897076233e-04
2.4190000000000001e-03	2.2299113597695035e+00	8.0565984228182840e-04
2.6119999999999997e-03	2.2670909385923355e+00	7.3810386955096264e-04
2.8204999999999997e-03	2.3013938436221628e+00	6.4012143449420418e-04
3.0455000000000000e-03	2.3318715235681333e+00	5.2975850939193550e-04
3.2885000000000002e-03	2.3560033948210570e+00	3.7394603296726732e-04
3.5504999999999998e-03	2.3730891659826234e+00	2.3572931415149890e-04
3.8339999999999997e-03	2.3848505900157759e+00	1.7107943107825066e-04
4.1399999999999996e-03	2.3931492375958201e+00	1.0743446539674549e-04
4.4700000000000000e-03	2.3978878251235605e+00	6.0449340905410709e-05
4.8205000000000019e-03	2.3981288001970884e+00	4.4278088695595572e-05
