x		y		e
0.0000000000000000e+00	4.9001440903023507e+01	0.0000000000000000e+00
2.3841857910156250e-01	5.0934073670879161e-02	0.0000000000000000e+00
4.7683715820312500e-01	1.1673447434269119e-02	0.0000000000000000e+00
7.1525573730468750e-01	8.8248870610103825e-03	0.0000000000000000e+00
9.5367431640625000e-01	7.3486930416986757e-03	0.0000000000000000e+00
1.1920928955078125e+00	6.8286316120009230e-03	0.0000000000000000e+00
1.4305114746093750e+00	3.3883428577544485e-03	0.0000000000000000e+00
1.6689300537109375e+00	4.4470736493760739e-03	0.0000000000000000e+00
1.9073486328125000e+00	5.8310245441046933e-03	0.0000000000000000e+00
2.1457672119140625e+00	3.2539624328525533e-03	0.0000000000000000e+00
2.3841857910156250e+00	4.6938752098639345e-03	0.0000000000000000e+00
2.6226043701171875e+00	5.5602817605670827e-03	0.0000000000000000e+00
2.8610229492187500e+00	4.1575235316673722e-03	0.0000000000000000e+00
3.0994415283203125e+00	3.8118850202742091e-03	0.0000000000000000e+00
3.3378601074218750e+00	4.3728603830287963e-03	0.0000000000000000e+00
3.5762786865234375e+00	3.5639109160686602e-03	0.0000000000000000e+00
3.8146972656250000e+00	4.5037750371543020e-03	0.0000000000000000e+00
4.1723251342773438e+00	2.9470236989201106e-03	2.7433852238420604e-04
4.5299530029296875e+00	5.7627385338630856e-03	0.0000000000000000e+00
4.8875808715820312e+00	4.0479913870926911e-03	1.0543406987411602e-03
5.2452087402343750e+00	4.6814006465745904e-03	0.0000000000000000e+00
5.6028366088867188e+00	3.7162973273651852e-03	6.8909705964206956e-04
6.0796737670898438e+00	4.7174054714786895e-03	3.1086684561542125e-04
6.5565109252929688e+00	4.3246418057421143e-03	1.6726422247770377e-03
7.0333480834960938e+00	3.3302498963327437e-03	1.0528932821657167e-04
7.6293945312500000e+00	4.2660604839076183e-03	1.2066728827185126e-03
8.2254409790039062e+00	5.3051979892803159e-03	1.0848648728712020e-03
8.8214874267578125e+00	3.3668787593369963e-03	7.9424455140537800e-04
9.5367431640625000e+00	3.1755367558065572e-03	4.2825307791600445e-04
1.0371208190917969e+01	3.9849621892723997e-03	4.9061250318195029e-04
1.1205673217773438e+01	3.0817711855192619e-03	2.2539814871590946e-04
1.2040138244628906e+01	3.4414094123036533e-03	2.9219473493448579e-04
1.3113021850585938e+01	3.7729834242760905e-03	5.3266000345876443e-04
1.4185905456542969e+01	4.2114096749557494e-03	4.4836872484617087e-04
1.5258789062500000e+01	4.0640865827594134e-03	1.8165707468894432e-04
1.6450881958007812e+01	3.9016026154141078e-03	2.3342796590106773e-04
1.7762184143066406e+01	3.9002485806047399e-03	2.7151963506652515e-04
1.9192695617675781e+01	3.2700446180605903e-03	3.5767320632995971e-04
2.0742416381835938e+01	3.6539053700723125e-03	3.1236617877403438e-04
2.2411346435546875e+01	3.8313551510810737e-03	3.2308826004190031e-04
2.4199485778808594e+01	3.7019271717309479e-03	6.2299144568337447e-04
2.6106834411621094e+01	4.3271855089046223e-03	2.0687754398778822e-04
2.8133392333984375e+01	3.7022977996399396e-03	3.5859844014106477e-04
3.0398368835449219e+01	3.4125229466337413e-03	3.6579532037432606e-04
3.2901763916015625e+01	4.0463472105571980e-03	4.6496000685589313e-04
3.5524368286132812e+01	3.4741989625521109e-03	2.5402232100121423e-04
3.8266181945800781e+01	4.0287059216695268e-03	2.5629880145446916e-04
4.1365623474121094e+01	3.6655138405581765e-03	2.6157644972550154e-04
4.4703483581542969e+01	3.5778217778521006e-03	2.4722876470662268e-04
4.8279762268066406e+01	3.7542490631757340e-03	3.2093829961058737e-04
5.2094459533691406e+01	3.4815597923547130e-03	2.2000845711732332e-04
5.6266784667968750e+01	3.8964262424555480e-03	2.8780197403668455e-04
6.0796737670898438e+01	4.1616078714676397e-03	3.2227839347721284e-04
6.5565109252929688e+01	3.6608765401647974e-03	2.1916326689294422e-04
7.0810317993164062e+01	3.3998853842751448e-03	2.2008731084046911e-04
7.6532363891601562e+01	3.0322961408977677e-03	1.5951675102479336e-04
8.2612037658691406e+01	3.4724764178029593e-03	1.4299738632500848e-04
8.9168548583984375e+01	3.2274024811163797e-03	1.8018253947794637e-04
9.6321105957031250e+01	3.2000195377725194e-03	1.3993172472701295e-04
1.0395050048828125e+02	3.0067369251260642e-03	1.6841393615411334e-04
1.1229515075683594e+02	3.0437815633581233e-03	1.2395495961393154e-04
1.2135505676269531e+02	2.7411356428320784e-03	1.4181960871073596e-04
1.3101100921630859e+02	2.7905851102365837e-03	1.3771103477235022e-04
1.4138221740722656e+02	2.3924806957642351e-03	1.0083362322710899e-04
1.5258789062500000e+02	2.5024224942926080e-03	1.0546262468244648e-04
1.6474723815917969e+02	2.4451694911364463e-03	9.4664194730065555e-05
1.7797946929931641e+02	2.1344028470281187e-03	9.1946013122579117e-05
1.9216537475585938e+02	1.8204415712807205e-03	6.2243993873441805e-05
2.0742416381835938e+02	1.8559999091078872e-03	5.9135161190032962e-05
2.2399425506591797e+02	1.6594496446318866e-03	5.3328998373762658e-05
2.4187564849853516e+02	1.4524463098157310e-03	4.6838872420849390e-05
2.6118755340576172e+02	1.3548298416674021e-03	4.6543576780546357e-05
2.8204917907714844e+02	1.2603599194790512e-03	4.1461342534170300e-05
3.0457973480224609e+02	1.1489640104056927e-03	3.4356922748004418e-05
3.2889842987060547e+02	9.7521560476944349e-04	2.9171933451058690e-05
3.5512447357177734e+02	8.9169567738485022e-04	2.1593441902142799e-05
3.8337707519531250e+02	7.7373529747230016e-04	1.9569876654266214e-05
4.1389465332031250e+02	6.8587988611055496e-04	1.5540140420670677e-05
4.4691562652587891e+02	5.9072884190972629e-04	1.4716111481495631e-05
4.8267841339111328e+02	5.2081421064948351e-04	1.1796719006518236e-05
5.2118301391601562e+02	4.4548826111287759e-04	9.5573092393433356e-06
5.6266784667968750e+02	3.8087446960496951e-04	8.2246669501889002e-06
6.0760974884033203e+02	3.3762500111801278e-04	7.1178364653877898e-06
6.5612792968750000e+02	3.0736042536451532e-04	6.0374067920860205e-06
7.0846080780029297e+02	2.6351515801030349e-04	5.0753836399067430e-06
7.6496601104736328e+02	2.2174852645814237e-04	4.3841267438160783e-06
8.2600116729736328e+02	1.9253160750125833e-04	3.3801318781339395e-06
8.9192390441894531e+02	1.6167858364791689e-04	2.7100754009610413e-06
9.6309185028076172e+02	1.4065013963623124e-04	2.4054468390999542e-06
1.0398626327514648e+03	1.2191000685064165e-04	1.9258252583742748e-06
1.1228322982788086e+03	1.0562230707925706e-04	1.6862370036328271e-06
1.2124776840209961e+03	9.2504739230532047e-05	1.4339429234434111e-06
1.3091564178466797e+03	7.7901361302042577e-05	1.0865357970873829e-06
1.4135837554931641e+03	6.6833257241162279e-05	9.1449467047322993e-07
1.5263557434082031e+03	5.8989448797510325e-05	7.7079775169805127e-07
1.6480684280395508e+03	4.8525311274296988e-05	6.0926367552433614e-07
1.7795562744140625e+03	4.1223910625532162e-05	4.9970685946040672e-07
1.9215345382690430e+03	3.6225007990843704e-05	4.0587415736153061e-07
2.0748376846313477e+03	3.0509447741584503e-05	3.2329799386828047e-07
2.2404193878173828e+03	2.6405537330203324e-05	2.8384679811198821e-07
2.4191141128540039e+03	2.2330141615573209e-05	2.4268697373139621e-07
2.6121139526367188e+03	1.9500592901325346e-05	1.9925433910880996e-07
2.8204917907714844e+03	1.6675970225209827e-05	1.6081897468519909e-07
3.0454397201538086e+03	1.4421523260465056e-05	1.2833244103650185e-07
3.2883882522583008e+03	1.2135144653429082e-05	1.1466561409755943e-07
3.5507678985595703e+03	1.0250302689255654e-05	8.8863003430062242e-08
3.8340091705322266e+03	8.7202577665728599e-06	6.9916456006763904e-08
4.1397809982299805e+03	7.4713584922479290e-06	5.7422721873655032e-08
4.4701099395751953e+03	6.4892101481552319e-06	5.0284897520372739e-08
4.8267841339111328e+03	5.5635752839305891e-06	4.1888295587831901e-08
5.2118301391601562e+03	4.7573463050140183e-06	3.4355747100982383e-08
5.6276321411132812e+03	4.0156663381270406e-06	2.8949723340129977e-08
6.0765743255615234e+03	3.4534522451999556e-06	2.2988935025555537e-08
6.5612792968750000e+03	2.9530792210354497e-06	1.9089391036914399e-08
7.0847272872924805e+03	2.5301781154946370e-06	1.5444729473366980e-08
7.6498985290527344e+03	2.1498192988711010e-06	1.2653314473383328e-08
8.2601308822631836e+03	1.8256726448037583e-06	1.0569985551259157e-08
8.9191198348999023e+03	1.5629983599555268e-06	8.5023906132486320e-09
9.6306800842285156e+03	1.3259895523158585e-06	6.9478276409082520e-09
1.0398983955383301e+04	1.1415709376049407e-06	5.8448902071989745e-09
1.1228442192077637e+04	9.5696838352310053e-07	4.5486833239121048e-09
1.2124180793762207e+04	8.2390215919460091e-07	3.8188725795037987e-09
1.3091444969177246e+04	6.9609691643129279e-07	3.1950530311447813e-09
1.4135718345642090e+04	5.9719650716135174e-07	2.6130328324378299e-09
1.5263438224792480e+04	5.1272036711887584e-07	2.1464771230762804e-09
1.6481161117553711e+04	4.3418181236025714e-07	1.7222281194680727e-09
1.7795920372009277e+04	3.6633262377430052e-07	1.4190088538572665e-09
1.9215583801269531e+04	3.1232761554612732e-07	1.1603083531088717e-09
2.0748496055603027e+04	2.6713968922553621e-07	9.4405362450716742e-10
2.2403717041015625e+04	2.2779039199614623e-07	7.8242504729909341e-10
2.4191021919250488e+04	1.9373161578709476e-07	6.4052252268110499e-10
2.6120781898498535e+04	1.6377028219717141e-07	5.1434663248008566e-10
2.8204560279846191e+04	1.3914595067922968e-07	4.2867037071380974e-10
3.0454635620117188e+04	1.1826317395290404e-07	3.4374412634303936e-10
3.2884120941162109e+04	1.0000608764385616e-07	2.8347008928598430e-10
3.5507440567016602e+04	8.4635421281280565e-08	2.3089171307169928e-10
3.8340091705322266e+04	7.2048469674685570e-08	1.9219477116463906e-10
4.1398644447326660e+04	6.1094614024059066e-08	1.5678508283048786e-10
4.4701218605041504e+04	5.1586304784991801e-08	1.2684295353648987e-10
4.8267364501953125e+04	4.3679542771600770e-08	1.0211252489120927e-10
5.2117824554443359e+04	3.7125148703440095e-08	8.3536070339453245e-11
5.6275486946105957e+04	3.1372426549479453e-08	6.7956051602430475e-11
6.0764908790588379e+04	2.6351303425188304e-08	5.5133574798863308e-11
6.5612435340881348e+04	2.2262113583203215e-08	4.5027788832551976e-11
7.0846676826477051e+04	1.8865333184741036e-08	3.6353596818609616e-11
7.6498508453369141e+04	1.5902908061222619e-08	2.9706355503284424e-11
8.2601189613342285e+04	1.3414766245773769e-08	2.4083794188855249e-11
8.9190721511840820e+04	1.1278351471865594e-08	1.9468982813879188e-11
9.6305966377258301e+04	9.4920786247163421e-09	1.5820544383715106e-11
1.0398876667022705e+05	8.0039324258089533e-09	1.2838975654671862e-11
1.1228442192077637e+05	6.6994397018530282e-09	1.0379009257470406e-11
1.2124192714691162e+05	5.6447609721653271e-09	8.3352936433947086e-12
1.3091409206390381e+05	4.7373858923533772e-09	6.7536331126949545e-12
1.4135777950286865e+05	3.9678284828825546e-09	5.4793307369963224e-12
1.5263462066650391e+05	3.3276122067446679e-09	4.4070497872430297e-12
1.6481113433837891e+05	2.7865113859921204e-09	3.5612068636260058e-12
1.7795896530151367e+05	2.3341973162360566e-09	2.8559137614244138e-12
1.9215559959411621e+05	1.9519569961874789e-09	2.3055647188596699e-12
2.0748484134674072e+05	1.6265724198612749e-09	1.8447233267708412e-12
2.2403705120086670e+05	1.3587419724235857e-09	1.4924517252871318e-12
2.4190962314605713e+05	1.1352183563839817e-09	1.1949849934993656e-12
2.6120793819427490e+05	9.4370178528996418e-10	9.5291761688926487e-13
2.8204584121704102e+05	7.8643666285776440e-10	7.6945987705133690e-13
3.0454611778259277e+05	6.5546431190433913e-10	6.1814541677172408e-13
3.2884132862091064e+05	5.4521203183760382e-10	4.9512958787092527e-13
3.5507464408874512e+05	4.5747618782592444e-10	3.9671444221488428e-13
3.8340079784393311e+05	3.8471028320547114e-10	3.1977302867932828e-13
4.1398668289184570e+05	3.2955575423358217e-10	2.6261213441214967e-13
4.4701254367828369e+05	2.9271986171867973e-10	2.2391837882859748e-13
4.8207950592041016e+05	2.7245649668120867e-10	2.0368145901034023e-13
