x		y		e
4.9999999999999998e-07	7.3617304577046514e+08	3.8845579655664223e+08
1.9999999999999999e-06	8.0162300825718254e+07	0.0000000000000000e+00
3.0000000000000001e-06	5.1521781093837485e+07	0.0000000000000000e+00
3.9999999999999998e-06	3.2774299446100306e+07	0.0000000000000000e+00
4.9999999999999996e-06	2.3056126417635929e+07	0.0000000000000000e+00
6.0000000000000002e-06	1.7749788322612125e+07	0.0000000000000000e+00
6.9999999999999999e-06	1.3625868543691967e+07	0.0000000000000000e+00
7.9999999999999996e-06	1.0935616988132978e+07	0.0000000000000000e+00
9.0000000000000002e-06	8.9658716660921331e+06	0.0000000000000000e+00
9.9999999999999991e-06	7.5727956037951531e+06	0.0000000000000000e+00
1.1000000000000000e-05	6.5952369063938577e+06	0.0000000000000000e+00
1.2000000000000000e-05	5.4167403781938981e+06	0.0000000000000000e+00
1.2999999999999999e-05	4.8528188813622463e+06	0.0000000000000000e+00
1.4000000000000000e-05	3.9662859296504189e+06	0.0000000000000000e+00
1.4999999999999999e-05	3.5841066248799199e+06	0.0000000000000000e+00
1.6500000000000001e-05	3.0896929462812897e+06	2.4947815238496539e+05
1.8000000000000000e-05	2.3309506602986911e+06	0.0000000000000000e+00
1.8999999999999998e-05	2.0711973796113918e+06	0.0000000000000000e+00
2.0499999999999997e-05	1.8132629976710205e+06	6.0768847491955021e+04
2.2499999999999998e-05	1.4965648443533864e+06	2.2349104180892109e+05
2.4499999999999999e-05	1.0647297547486518e+06	1.1650569527046350e+05
2.6500000000000000e-05	7.6950568189178698e+05	6.1596192563022807e+04
2.8500000000000002e-05	6.3922490080924588e+05	2.4189056093188180e+05
3.0499999999999999e-05	8.8265952860910853e+04	9.3050055004614187e+04
3.2999999999999996e-05	1.8402080294327429e+05	9.4793964245024370e+04
3.5499999999999996e-05	2.2184908285001293e+03	5.5752818360167893e+05
3.7999999999999995e-05	-8.7999249721064771e+04	3.1122996600303857e+04
4.0999999999999994e-05	-2.8124610177200061e+05	9.1146630953116837e+04
4.4500000000000004e-05	-3.5449716069291031e+05	1.5536206163252299e+05
4.8500000000000000e-05	-5.6803496899276937e+05	9.5326019007635870e+04
5.2500000000000002e-05	-6.4424464325032802e+05	6.5079288367443311e+04
5.6499999999999998e-05	-7.8587848543002037e+05	4.3415313935519458e+04
6.0999999999999999e-05	-8.1891495263819431e+05	6.4682330393526085e+04
6.6000000000000005e-05	-9.1553085852471367e+05	5.1450683258024474e+04
7.0999999999999991e-05	-1.1133477928864593e+06	7.0049353586860103e+04
7.6500000000000003e-05	-1.0569649248069595e+06	6.7078966702297956e+04
8.2500000000000000e-05	-8.8076850023064704e+05	1.2275352966605015e+05
8.8999999999999995e-05	-1.1561492147401862e+06	5.1546050015645757e+04
9.5999999999999989e-05	-1.0700507445694017e+06	6.7868875623388783e+04
1.0349999999999999e-04	-1.1441753580453328e+06	6.3664349165294116e+04
1.1199999999999997e-04	-1.0937104506455744e+06	6.7343733534987477e+04
1.2099999999999999e-04	-9.8482731892719923e+05	4.1980611682323797e+04
1.3050000000000000e-04	-1.1378471610255877e+06	7.9860577541918494e+04
1.4100000000000001e-04	-1.1098088236332317e+06	4.4835915931095340e+04
1.5249999999999999e-04	-8.8948185099797009e+05	4.1803980880081093e+04
1.6500000000000003e-04	-1.0780899923270207e+06	3.2705047449115016e+04
1.7800000000000002e-04	-1.1381552404605325e+06	5.0697141757896447e+04
1.9200000000000000e-04	-1.0803273298909175e+06	7.1220090341941293e+04
2.0750000000000000e-04	-1.0733148165723707e+06	5.5296349171080736e+04
2.2400000000000000e-04	-1.1642109930793068e+06	6.1151681233903459e+04
2.4200000000000003e-04	-1.0564507981152851e+06	5.3414941402901604e+04
2.6150000000000001e-04	-1.0805621506710649e+06	4.6118811878219014e+04
2.8200000000000002e-04	-1.0979698676529911e+06	5.0110466914495104e+04
3.0450000000000003e-04	-9.8449286077188642e+05	4.4732734549445799e+04
3.2899999999999992e-04	-1.0139104766230786e+06	4.2332408029896906e+04
3.5500000000000001e-04	-1.0018877441186421e+06	3.3674511675671034e+04
3.8350000000000000e-04	-9.1274770428539102e+05	2.3419970514896406e+04
4.1399999999999998e-04	-9.1938009623075498e+05	3.0805807861840633e+04
4.4699999999999997e-04	-9.1123362188494322e+05	2.7224982673964892e+04
4.8299999999999992e-04	-9.2362284583802184e+05	2.9486320730429154e+04
5.2150000000000005e-04	-8.1038751152526296e+05	3.2898388668006221e+04
5.6300000000000002e-04	-8.2499569544898754e+05	3.5678164972491853e+04
6.0749999999999997e-04	-7.5335360701159318e+05	2.6137502452425633e+04
6.5600000000000001e-04	-7.2339463263789867e+05	2.3418270384685347e+04
7.0849999999999982e-04	-7.0100444201535359e+05	2.3365485452421552e+04
7.6500000000000005e-04	-5.9292133854406991e+05	2.5031253679695343e+04
8.2599999999999969e-04	-6.3756977909627696e+05	3.0090945769410595e+04
8.9200000000000011e-04	-5.7319806050151528e+05	1.7028616896657255e+04
9.6299999999999966e-04	-4.9224280534947960e+05	1.8874141576688598e+04
1.0394999999999998e-03	-5.4056354738736886e+05	2.0242231426197119e+04
1.1225000000000000e-03	-4.2317350407525874e+05	1.6482004623051838e+04
1.2120000000000000e-03	-4.0174681197338999e+05	1.8161063092447323e+04
1.3090000000000003e-03	-3.5561855047175515e+05	1.6233875071271801e+04
1.4134999999999998e-03	-2.4155443633984792e+05	1.6271362554271158e+04
1.5259999999999998e-03	-2.4699659949671142e+05	1.5423023768568040e+04
1.6480000000000006e-03	-2.0819980446869909e+05	1.5912079437291652e+04
1.7795000000000005e-03	-2.0882867253925771e+05	1.6818616696789133e+04
1.9215000000000002e-03	-1.5476967787751285e+05	1.3055888034931442e+04
2.0749999999999996e-03	-1.6666136025553086e+05	1.3813129859681167e+04
2.2404999999999999e-03	-8.5546242495027836e+04	1.4333326738190091e+04
2.4190000000000001e-03	-9.1384873998138748e+04	1.3445012777298349e+04
2.6119999999999997e-03	-9.3176337925823827e+04	1.2649984474384582e+04
2.8204999999999997e-03	-9.4705098726552271e+04	1.1439217330379828e+04
3.0455000000000000e-03	-3.1270535508459994e+04	1.1123024763554147e+04
3.2885000000000002e-03	-1.2263760954680281e+04	9.9638876904413883e+03
3.5504999999999998e-03	-6.3961230535601775e+04	9.4647835424349541e+03
3.8339999999999997e-03	-9.4522066837742443e+02	9.8157227391522320e+03
4.1399999999999996e-03	1.0822665479095680e+04	1.0202760105069596e+04
4.4700000000000000e-03	2.6413246031231506e+03	9.2661133448972359e+03
4.8205000000000019e-03	-1.8911168470324781e+04	9.7096028962593646e+03
