x		y		e
4.9999999999999998e-07	5.3427678771457324e-04	5.3427678771457324e-04
1.9999999999999999e-06	2.7794913297465476e-03	0.0000000000000000e+00
3.0000000000000001e-06	4.6137530086252602e-03	0.0000000000000000e+00
3.9999999999999998e-06	6.5466934363140579e-03	0.0000000000000000e+00
4.9999999999999996e-06	8.5392065295226121e-03	0.0000000000000000e+00
6.0000000000000002e-06	1.0574553646647243e-02	0.0000000000000000e+00
6.9999999999999999e-06	1.2643142315408119e-02	0.0000000000000000e+00
7.9999999999999996e-06	1.4738367294013706e-02	0.0000000000000000e+00
9.0000000000000002e-06	1.6854742610670229e-02	0.0000000000000000e+00
9.9999999999999991e-06	1.8988650601586016e-02	0.0000000000000000e+00
1.1000000000000000e-05	2.1137023488073940e-02	0.0000000000000000e+00
1.2000000000000000e-05	2.3298045297761034e-02	0.0000000000000000e+00
1.2999999999999999e-05	2.5469484471549453e-02	0.0000000000000000e+00
1.4000000000000000e-05	2.7651081401245968e-02	0.0000000000000000e+00
1.4999999999999999e-05	2.9840687456196412e-02	0.0000000000000000e+00
1.6500000000000001e-05	3.3138504378049924e-02	1.1013748806392881e-03
1.8000000000000000e-05	3.6448345723905373e-02	0.0000000000000000e+00
1.8999999999999998e-05	3.8661589208177125e-02	0.0000000000000000e+00
2.0499999999999997e-05	4.1990169089937378e-02	1.1108327699792810e-03
2.2499999999999998e-05	4.6440249127093602e-02	1.1141295284493502e-03
2.4499999999999999e-05	5.0901905045003346e-02	1.1164279538329993e-03
2.6500000000000000e-05	5.5370531269200329e-02	1.1178590620489542e-03
2.8500000000000002e-05	5.9844447040856286e-02	1.1192235638727381e-03
3.0499999999999999e-05	6.4322754484027522e-02	1.1198721523553599e-03
3.2999999999999996e-05	6.9923830009135726e-02	1.2937486358231363e-03
3.5499999999999996e-05	7.5526471388930899e-02	1.1201363107033113e-03
3.7999999999999995e-05	8.1126178577297550e-02	1.2929221397730770e-03
4.0999999999999994e-05	8.7842406799979719e-02	1.2920658673406195e-03
4.4500000000000004e-05	9.5672248001539700e-02	1.4435168791892706e-03
4.8500000000000000e-05	1.0461296550726679e-01	1.4421452409640835e-03
5.2500000000000002e-05	1.1354062720247984e-01	1.4390612160007118e-03
5.6499999999999998e-05	1.2244768445665342e-01	1.4355712320719203e-03
6.0999999999999999e-05	1.3244213055536713e-01	1.5686122874841572e-03
6.6000000000000005e-05	1.4351287053638462e-01	1.5624638774972520e-03
7.0999999999999991e-05	1.5453793310037850e-01	1.5559317506452168e-03
7.6500000000000003e-05	1.6660992154051601e-01	1.6722653363796540e-03
8.2500000000000000e-05	1.7970976278330011e-01	1.6629197915856220e-03
8.8999999999999995e-05	1.9382367829294647e-01	1.7683787332342274e-03
9.5999999999999989e-05	2.0893892920113538e-01	1.7578370529463571e-03
1.0349999999999999e-04	2.2503597685471011e-01	1.8527277474758399e-03
1.1199999999999997e-04	2.4315011042906351e-01	1.9386177384971331e-03
1.2099999999999999e-04	2.6218711311168097e-01	1.9234900383016400e-03
1.3050000000000000e-04	2.8212038896579777e-01	2.0010949606124669e-03
1.4100000000000001e-04	3.0395134796995843e-01	2.0687590078347310e-03
1.5249999999999999e-04	3.2760923204756631e-01	2.1293674149670439e-03
1.6500000000000003e-04	3.5301483431959518e-01	2.1812589266909537e-03
1.7800000000000002e-04	3.7907965486290685e-01	2.1494558388167359e-03
1.9200000000000000e-04	4.0673849235392689e-01	2.2660974379593558e-03
2.0750000000000000e-04	4.3691765643359426e-01	2.2992214603089122e-03
2.2400000000000000e-04	4.6851171160075633e-01	2.3239238220247030e-03
2.4200000000000003e-04	5.0231657147339048e-01	2.4010125600256501e-03
2.6150000000000001e-04	5.3822025411400098e-01	2.4127764204127143e-03
2.8200000000000002e-04	5.7519470654120242e-01	2.4146657592021303e-03
3.0450000000000003e-04	6.1482668662911666e-01	2.5117030353985583e-03
3.2899999999999992e-04	6.5688524397816939e-01	2.4954355381115352e-03
3.5500000000000001e-04	7.0040913566399765e-01	2.5237905248437042e-03
3.8350000000000000e-04	7.4677542003963049e-01	2.5766544826501376e-03
4.1399999999999998e-04	7.9496336043361626e-01	2.5398625222071217e-03
4.4699999999999997e-04	8.4534296085243155e-01	2.5961198371636748e-03
4.8299999999999992e-04	8.9824610574751751e-01	2.5629649563031964e-03
5.2150000000000005e-04	9.5242714216962321e-01	2.5426037689825955e-03
5.6300000000000002e-04	1.0081123199540409e+00	2.5101456711756707e-03
6.0749999999999997e-04	1.0651305611458874e+00	2.4781549558690447e-03
6.5600000000000001e-04	1.1242739734292122e+00	2.4750964271748077e-03
7.0849999999999982e-04	1.1849689810666231e+00	2.4075162880727477e-03
7.6500000000000005e-04	1.2464152356624258e+00	2.3508690789927999e-03
8.2599999999999969e-04	1.3084010380721804e+00	2.2670823252749755e-03
8.9200000000000011e-04	1.3706357569195766e+00	2.1908629607172983e-03
9.6299999999999966e-04	1.4324961805796330e+00	2.0788702318917628e-03
1.0394999999999998e-03	1.4936287515326314e+00	1.9852290701606232e-03
1.1225000000000000e-03	1.5543827737780733e+00	1.8916617262393820e-03
1.2120000000000000e-03	1.6142083118228592e+00	1.7843712240435796e-03
1.3090000000000003e-03	1.6730793476804950e+00	1.6827315781669694e-03
1.4134999999999998e-03	1.7297419114791954e+00	1.5376318261049735e-03
1.5259999999999998e-03	1.7836854062943686e+00	1.4050087625923494e-03
1.6480000000000006e-03	1.8345197383500351e+00	1.2761037394052545e-03
1.7795000000000005e-03	1.8829749905365862e+00	1.1674143294905298e-03
1.9215000000000002e-03	1.9277122339529265e+00	1.0031850755512395e-03
2.0749999999999996e-03	1.9684113863834598e+00	9.2342472103222454e-04
2.2404999999999999e-03	2.0081299849517995e+00	8.5702365209944405e-04
2.4190000000000001e-03	2.0453583089878937e+00	7.4410004388252861e-04
2.6119999999999997e-03	2.0782716608585932e+00	6.3236200911427089e-04
2.8204999999999997e-03	2.1074457475278625e+00	5.5775750984277085e-04
3.0455000000000000e-03	2.1341730111228934e+00	4.7295319979470316e-04
3.2885000000000002e-03	2.1573564204082922e+00	3.7759923254290805e-04
3.5504999999999998e-03	2.1757739361236466e+00	2.8295369741080685e-04
3.8339999999999997e-03	2.1898237213629832e+00	2.2199976633663490e-04
4.1399999999999996e-03	2.2006709574563548e+00	1.2062959797073623e-04
4.4700000000000000e-03	2.2038943963696087e+00	1.6857570928754731e-05
4.8205000000000019e-03	2.2012986993829839e+00	4.8965800267398731e-05
