x		y		e
4.9999999999999998e-07	8.2491729180135608e+08	4.4190870102916777e+08
1.9999999999999999e-06	7.0611450819949642e+07	0.0000000000000000e+00
3.0000000000000001e-06	5.8745534607689328e+07	0.0000000000000000e+00
3.9999999999999998e-06	3.5064434089002289e+07	0.0000000000000000e+00
4.9999999999999996e-06	2.5194531035112884e+07	0.0000000000000000e+00
6.0000000000000002e-06	1.9232526056771129e+07	0.0000000000000000e+00
6.9999999999999999e-06	1.4767332954433912e+07	0.0000000000000000e+00
7.9999999999999996e-06	1.1949846949103652e+07	0.0000000000000000e+00
9.0000000000000002e-06	1.0056134282207616e+07	0.0000000000000000e+00
9.9999999999999991e-06	8.2139905562772024e+06	0.0000000000000000e+00
1.1000000000000000e-05	7.2123353837710517e+06	0.0000000000000000e+00
1.2000000000000000e-05	5.8958574117687671e+06	0.0000000000000000e+00
1.2999999999999999e-05	5.1427154423367642e+06	0.0000000000000000e+00
1.4000000000000000e-05	4.0332109969530189e+06	0.0000000000000000e+00
1.4999999999999999e-05	3.6331493418166693e+06	0.0000000000000000e+00
1.6500000000000001e-05	3.0930215040395395e+06	2.1024469781908666e+05
1.8000000000000000e-05	2.2354334631709158e+06	0.0000000000000000e+00
1.8999999999999998e-05	1.8919465851473140e+06	0.0000000000000000e+00
2.0499999999999997e-05	1.8224530861873066e+06	9.2962050264289734e+04
2.2499999999999998e-05	1.2587379087182696e+06	1.5357476494960021e+05
2.4499999999999999e-05	8.5666295068815968e+05	3.9171485677268211e+04
2.6500000000000000e-05	6.1276803140892216e+05	2.8357513401833105e+04
2.8500000000000002e-05	5.3747137106019619e+05	7.7981278352300200e+04
3.0499999999999999e-05	1.3652642871607657e+05	1.1348135158014724e+05
3.2999999999999996e-05	2.2640751632917416e+05	1.1187863606277718e+05
3.5499999999999996e-05	-3.1521772484075214e+05	3.2478069665123132e+05
3.7999999999999995e-05	-5.3120972266261082e+05	8.8921101070909164e+04
4.0999999999999994e-05	-1.9430589973400498e+05	1.7790915111869163e+04
4.4500000000000004e-05	-6.7352511255976418e+05	1.4058276764980197e+05
4.8500000000000000e-05	-6.9608327832335443e+05	8.5758595028862634e+04
5.2500000000000002e-05	-7.3959143778047361e+05	1.2868550833213700e+05
5.6499999999999998e-05	-6.4328303098240541e+05	1.1662878034231711e+05
6.0999999999999999e-05	-1.0303019875678042e+06	6.1546930834619016e+04
6.6000000000000005e-05	-9.3487606640220410e+05	5.9697080380954663e+04
7.0999999999999991e-05	-1.1977139529043778e+06	1.0036365074569074e+05
7.6500000000000003e-05	-9.8862347975219088e+05	2.5122904697658505e+04
8.2500000000000000e-05	-1.3357328599617328e+06	8.8932121997807466e+04
8.8999999999999995e-05	-1.1720317394725983e+06	4.9299120304812430e+04
9.5999999999999989e-05	-1.0914671790123519e+06	5.8636356400644472e+04
1.0349999999999999e-04	-1.1214623545381152e+06	9.0009150649910574e+04
1.1199999999999997e-04	-1.3082727771211537e+06	6.5914925571639978e+04
1.2099999999999999e-04	-1.3004722954651334e+06	5.7977527933656966e+04
1.3050000000000000e-04	-1.2647495988910743e+06	5.0670386915942239e+04
1.4100000000000001e-04	-1.2258587069792680e+06	6.4377414408980010e+04
1.5249999999999999e-04	-1.1976799701445077e+06	3.9737266008639206e+04
1.6500000000000003e-04	-1.1465130778740779e+06	8.1522935419754416e+04
1.7800000000000002e-04	-1.2128319872155748e+06	6.3563608259797562e+04
1.9200000000000000e-04	-1.3056332368889323e+06	7.1457442572706888e+04
2.0750000000000000e-04	-1.3327034868647372e+06	5.5700563996162920e+04
2.2400000000000000e-04	-1.3047351571887597e+06	5.0586212641201848e+04
2.4200000000000003e-04	-1.1436646450821906e+06	5.7202507295893542e+04
2.6150000000000001e-04	-1.2065011218106202e+06	4.1396787491503019e+04
2.8200000000000002e-04	-1.3152315841465991e+06	5.9794481334795273e+04
3.0450000000000003e-04	-1.1684637914971509e+06	3.9306245441020052e+04
3.2899999999999992e-04	-1.1648241664721787e+06	3.2333756638705825e+04
3.5500000000000001e-04	-1.1356913863764501e+06	2.9103779657097555e+04
3.8350000000000000e-04	-1.0159158470447815e+06	4.0362752973744646e+04
4.1399999999999998e-04	-1.0490771685737162e+06	3.9351145956904875e+04
4.4699999999999997e-04	-1.0502978517297669e+06	3.7175900311920333e+04
4.8299999999999992e-04	-9.7767966035021620e+05	3.4419860246625547e+04
5.2150000000000005e-04	-8.2195333320818073e+05	3.5187144734659792e+04
5.6300000000000002e-04	-8.2664623279402521e+05	3.2256903655018305e+04
6.0749999999999997e-04	-8.5104914295202936e+05	3.2507815403177068e+04
6.5600000000000001e-04	-9.0904559836939606e+05	3.1506864822125317e+04
7.0849999999999982e-04	-6.8700185698182194e+05	2.7386448553257276e+04
7.6500000000000005e-04	-7.4303829421316914e+05	2.3145434597118474e+04
8.2599999999999969e-04	-6.1413325793939165e+05	2.4621951984738022e+04
8.9200000000000011e-04	-5.3942128601018770e+05	2.0755904464879295e+04
9.6299999999999966e-04	-6.0302153187829431e+05	2.4807219792312906e+04
1.0394999999999998e-03	-5.5128972493809357e+05	2.4264526862022809e+04
1.1225000000000000e-03	-4.1456180622488493e+05	1.8252749899344657e+04
1.2120000000000000e-03	-4.0314035318753065e+05	1.9815752313898145e+04
1.3090000000000003e-03	-3.6452309128716623e+05	1.7425323743736433e+04
1.4134999999999998e-03	-3.5715458686970518e+05	1.8822948776891466e+04
1.5259999999999998e-03	-2.8332061953457998e+05	1.7149001091395421e+04
1.6480000000000006e-03	-2.4518497908794519e+05	1.6688692509243199e+04
1.7795000000000005e-03	-2.0484463808377174e+05	1.5444223707355597e+04
1.9215000000000002e-03	-2.2762163383282279e+05	1.5221170034075660e+04
2.0749999999999996e-03	-1.3293156952361803e+05	1.5398680953067729e+04
2.2404999999999999e-03	-1.0349377555119786e+05	1.7049196675616709e+04
2.4190000000000001e-03	-1.1717927401114028e+05	1.5643480191316236e+04
2.6119999999999997e-03	-6.3672724187951731e+04	1.2504272648858281e+04
2.8204999999999997e-03	-5.6849400836546898e+04	1.3482813454470826e+04
3.0455000000000000e-03	-4.1978607583345511e+04	1.3390272191155376e+04
3.2885000000000002e-03	-5.2976341909679977e+03	1.2198902823883333e+04
3.5504999999999998e-03	-1.5073178166691752e+04	1.0524201239615308e+04
3.8339999999999997e-03	-3.9583409726717735e+04	1.1039553939505910e+04
4.1399999999999996e-03	-2.4222604656847965e+04	1.1070784411547962e+04
4.4700000000000000e-03	1.1846207459658406e+03	1.0819967869786107e+04
4.8205000000000019e-03	6.2495244778953775e+03	1.0794378892591207e+04
