x		y		e
0.0000000000000000e+00	2.0209374684232372e+01	0.0000000000000000e+00
2.3841857910156250e-01	1.4816636398140832e-02	0.0000000000000000e+00
4.7683715820312500e-01	3.0812545779854639e-02	0.0000000000000000e+00
7.1525573730468750e-01	2.1369974152698198e-02	0.0000000000000000e+00
9.5367431640625000e-01	1.3334460746358552e-02	0.0000000000000000e+00
1.1920928955078125e+00	8.2808594431935997e-03	0.0000000000000000e+00
1.4305114746093750e+00	1.5652789508740116e-02	0.0000000000000000e+00
1.6689300537109375e+00	1.8454694473258811e-02	0.0000000000000000e+00
1.9073486328125000e+00	1.6251742488121636e-02	0.0000000000000000e+00
2.1457672119140625e+00	1.4118483070159270e-02	0.0000000000000000e+00
2.3841857910156250e+00	1.3504769220867373e-02	0.0000000000000000e+00
2.6226043701171875e+00	1.2701870340486523e-02	0.0000000000000000e+00
2.8610229492187500e+00	2.0405655422449539e-02	0.0000000000000000e+00
3.0994415283203125e+00	1.5283018943140906e-02	0.0000000000000000e+00
3.3378601074218750e+00	1.9639746040672087e-02	0.0000000000000000e+00
3.5762786865234375e+00	1.1899715153250466e-02	0.0000000000000000e+00
3.8146972656250000e+00	1.5030051830387033e-02	0.0000000000000000e+00
4.1723251342773438e+00	1.6517423892691611e-02	3.9693988712711003e-03
4.5299530029296875e+00	1.7884271286149920e-02	0.0000000000000000e+00
4.8875808715820312e+00	1.3448283793658313e-02	1.4164334701815783e-03
5.2452087402343750e+00	1.5834659381560357e-02	0.0000000000000000e+00
5.6028366088867188e+00	1.2962081679938561e-02	1.1012454483461756e-03
6.0796737670898438e+00	1.7068501922403063e-02	3.3467150730496198e-03
6.5565109252929688e+00	1.5329842797111831e-02	2.0168691234723965e-03
7.0333480834960938e+00	1.7191393226185472e-02	1.8348564412244380e-03
7.6293945312500000e+00	1.6362526291762321e-02	1.2019429348927262e-04
8.2254409790039062e+00	8.5771910058557287e-03	4.8908020989592521e-04
8.8214874267578125e+00	1.6437512628588728e-02	2.0864845044220180e-03
9.5367431640625000e+00	1.1180339607704782e-02	6.3258824523235212e-04
1.0371208190917969e+01	1.2645524414942879e-02	1.0208910262920318e-03
1.1205673217773438e+01	1.1995092020162948e-02	1.5339175943397379e-03
1.2040138244628906e+01	1.4595492864986197e-02	1.8104289812303422e-03
1.3113021850585938e+01	1.3132200788498921e-02	1.3258042176790895e-03
1.4185905456542969e+01	1.1301158903675751e-02	6.2706604619166357e-04
1.5258789062500000e+01	1.3224803105663615e-02	1.9107819157520658e-03
1.6450881958007812e+01	1.1984285575497857e-02	2.0716405724887305e-03
1.7762184143066406e+01	1.2765318632446543e-02	8.7355649152341718e-04
1.9192695617675781e+01	1.3776550009020306e-02	1.6986911686132386e-03
2.0742416381835938e+01	1.1394174410041655e-02	1.3506279190984309e-03
2.2411346435546875e+01	9.9590288570272599e-03	8.1329990419090462e-04
2.4199485778808594e+01	1.0697040535881422e-02	1.1413585089170980e-03
2.6106834411621094e+01	7.0002990805966706e-03	7.8435087354103319e-04
2.8133392333984375e+01	1.0423514154861539e-02	8.4199844168059059e-04
3.0398368835449219e+01	9.9690587021044625e-03	7.5144700882932370e-04
3.2901763916015625e+01	8.3600498512434885e-03	8.2436333617333596e-04
3.5524368286132812e+01	8.2212037913578159e-03	5.7544281976358266e-04
3.8266181945800781e+01	8.4136175083756228e-03	6.5856555006875005e-04
4.1365623474121094e+01	8.5567395473394731e-03	5.1549805386629280e-04
4.4703483581542969e+01	7.8418262462696484e-03	4.8855395406610354e-04
4.8279762268066406e+01	6.0628934110802356e-03	6.3277451513255511e-04
5.2094459533691406e+01	7.6927595684187717e-03	5.7817894735001337e-04
5.6266784667968750e+01	7.5524329502918344e-03	5.4833559830632988e-04
6.0796737670898438e+01	6.5056742610427052e-03	2.5085081122357540e-04
6.5565109252929688e+01	6.5504493848713222e-03	3.7105327949853010e-04
7.0810317993164062e+01	6.3611900857853069e-03	4.2676841209815357e-04
7.6532363891601562e+01	5.6225962943669385e-03	2.9275571492604779e-04
8.2612037658691406e+01	5.1685307847553243e-03	3.3909632878925130e-04
8.9168548583984375e+01	5.8596985395050509e-03	3.2673031633017745e-04
9.6321105957031250e+01	5.1876953012465424e-03	3.1939803229382840e-04
1.0395050048828125e+02	4.7027239607550985e-03	2.2354701901553453e-04
1.1229515075683594e+02	4.7363533046983486e-03	2.0704928355919178e-04
1.2135505676269531e+02	4.4215527172985119e-03	1.7936942717690699e-04
1.3101100921630859e+02	3.9658600909510270e-03	1.5865818356165519e-04
1.4138221740722656e+02	4.0645822272407216e-03	1.7558348914809000e-04
1.5258789062500000e+02	3.7930609837944938e-03	1.3065319435247376e-04
1.6474723815917969e+02	3.5566461711691332e-03	1.3968289268250804e-04
1.7797946929931641e+02	3.1608490497971060e-03	1.2315588018045994e-04
1.9216537475585938e+02	3.2105845207339050e-03	1.0703615206603200e-04
2.0742416381835938e+02	2.6999733823688372e-03	8.8486692037352112e-05
2.2399425506591797e+02	2.6000324955226264e-03	7.7767465386125554e-05
2.4187564849853516e+02	2.2347718479217419e-03	8.4632082999426856e-05
2.6118755340576172e+02	2.1533448701180338e-03	6.8223162221413589e-05
2.8204917907714844e+02	1.8785497066504770e-03	5.9825696386177982e-05
3.0457973480224609e+02	1.6678612955639170e-03	5.3080455696049146e-05
3.2889842987060547e+02	1.4437032554182325e-03	3.5959378149239609e-05
3.5512447357177734e+02	1.2899207758387430e-03	3.5736569110601498e-05
3.8337707519531250e+02	1.1794130094100251e-03	2.9786573720424696e-05
4.1389465332031250e+02	1.0194047378907583e-03	2.6441500576017479e-05
4.4691562652587891e+02	8.6276285873223050e-04	1.9631026381765007e-05
4.8267841339111328e+02	7.8743951746669419e-04	1.9032681319967224e-05
5.2118301391601562e+02	7.0391222022235273e-04	1.6757795076456874e-05
5.6266784667968750e+02	5.9837914438841627e-04	1.2192867498173171e-05
6.0760974884033203e+02	5.2370442213837910e-04	1.0862193488852362e-05
6.5612792968750000e+02	4.4079869439751692e-04	9.6043429930584699e-06
7.0846080780029297e+02	4.0013607745575908e-04	7.3518040702258116e-06
7.6496601104736328e+02	3.2876421467262066e-04	6.3053984916773396e-06
8.2600116729736328e+02	2.8907549103094970e-04	5.5218757172937505e-06
8.9192390441894531e+02	2.5690083606936468e-04	4.5251930309131657e-06
9.6309185028076172e+02	2.1362075222866697e-04	3.7264453959864699e-06
1.0398626327514648e+03	1.8654936976878470e-04	3.1219450218415301e-06
1.1228322982788086e+03	1.5697480063833587e-04	2.4815436574968337e-06
1.2124776840209961e+03	1.3391195105989356e-04	1.9032951373607658e-06
1.3091564178466797e+03	1.1628081888482569e-04	1.5928809912283171e-06
1.4135837554931641e+03	1.0239617158744362e-04	1.3964693690076547e-06
1.5263557434082031e+03	8.8151978646217196e-05	1.1821153642843624e-06
1.6480684280395508e+03	7.5269882675408880e-05	9.5391889785154163e-07
1.7795562744140625e+03	6.3782081530686316e-05	7.7432612045981462e-07
1.9215345382690430e+03	5.3938921213821037e-05	6.2520788127757202e-07
2.0748376846313477e+03	4.6205944762534551e-05	4.8605476744210897e-07
2.2404193878173828e+03	3.9768007109775831e-05	4.3332723223412022e-07
2.4191141128540039e+03	3.3620024616873942e-05	3.5011535531442038e-07
2.6121139526367188e+03	2.8616489879461962e-05	2.7712401847492428e-07
2.8204917907714844e+03	2.4903700747603290e-05	2.3885083921710489e-07
3.0454397201538086e+03	2.1237888734516830e-05	1.9318480531484339e-07
3.2883882522583008e+03	1.8477226531252089e-05	1.6410054952880738e-07
3.5507678985595703e+03	1.5539759780798041e-05	1.3814766346488474e-07
3.8340091705322266e+03	1.3307907074879807e-05	1.1240283764404573e-07
4.1397809982299805e+03	1.1436878619978089e-05	8.9526469403815703e-08
4.4701099395751953e+03	9.8700788356179793e-06	7.8248656851798961e-08
4.8267841339111328e+03	8.3627257804728175e-06	6.5588359203910063e-08
5.2118301391601562e+03	7.0902437303770782e-06	5.2141805416384534e-08
5.6276321411132812e+03	6.0652188809030115e-06	4.0506380637658249e-08
6.0765743255615234e+03	5.1745063869314587e-06	3.4620184958173703e-08
6.5612792968750000e+03	4.4695505925578295e-06	2.7933908368503597e-08
7.0847272872924805e+03	3.8173605760175609e-06	2.3029405600857741e-08
7.6498985290527344e+03	3.2045071124223916e-06	1.8674938893408958e-08
8.2601308822631836e+03	2.7519652289556663e-06	1.5688201337133991e-08
8.9191198348999023e+03	2.3429404986877639e-06	1.2872170678645594e-08
9.6306800842285156e+03	2.0267054114311913e-06	1.0633920795495807e-08
1.0398983955383301e+04	1.7193716163601363e-06	8.6517953119574909e-09
1.1228442192077637e+04	1.4590861247999684e-06	7.1368507249276900e-09
1.2124180793762207e+04	1.2537664459023894e-06	5.9051341440606177e-09
1.3091444969177246e+04	1.0551022232012209e-06	4.7748353715948893e-09
1.4135718345642090e+04	9.1038434040319197e-07	4.0030420001949595e-09
1.5263438224792480e+04	7.7039778696178366e-07	3.2235615221483532e-09
1.6481161117553711e+04	6.5510447205948925e-07	2.6988015357965842e-09
1.7795920372009277e+04	5.5686165607221480e-07	2.1795611982188488e-09
1.9215583801269531e+04	4.7825743182507753e-07	1.7787834217917399e-09
2.0748496055603027e+04	4.0383522981958135e-07	1.4301526922987315e-09
2.2403717041015625e+04	3.4411432393792063e-07	1.1945730103335245e-09
2.4191021919250488e+04	2.9079263121333810e-07	9.5881600375042198e-10
2.6120781898498535e+04	2.4939225644954152e-07	7.9858452677989585e-10
2.8204560279846191e+04	2.1136406356648531e-07	6.5137945828524213e-10
3.0454635620117188e+04	1.7884129637040684e-07	5.2534248333601771e-10
3.2884120941162109e+04	1.5283427475695395e-07	4.3183974578152772e-10
3.5507440567016602e+04	1.2862151138590863e-07	3.4996213827439973e-10
3.8340091705322266e+04	1.0964775946167474e-07	2.8766330607224415e-10
4.1398644447326660e+04	9.6204924510244054e-08	1.2660702022306532e-09
4.4701218605041504e+04	7.9388777246718154e-08	1.9520831446284045e-10
4.8267364501953125e+04	6.7128887135050065e-08	1.5624995258642864e-10
5.2117824554443359e+04	5.7099296144837859e-08	1.2924289442375017e-10
5.6275486946105957e+04	4.8397291350214960e-08	1.0560301205775369e-10
6.0764908790588379e+04	4.1086777812133252e-08	8.5716430946048492e-11
6.5612435340881348e+04	3.4739712247768175e-08	6.9713344758838513e-11
7.0846676826477051e+04	2.9478076947370325e-08	5.7648304352079934e-11
7.6498508453369141e+04	2.5426709516289395e-08	1.2241110718478235e-10
8.2601189613342285e+04	2.2383410870919423e-08	4.1305991555109606e-10
8.9190721511840820e+04	1.8121394799555474e-08	3.0994843766763746e-11
9.6305966377258301e+04	1.5398622770807615e-08	2.5691069175732450e-11
1.0398876667022705e+05	1.3098223486972791e-08	2.0919542760513747e-11
1.1228442192077637e+05	1.1191643792012700e-08	1.7173688314618088e-11
1.2124192714691162e+05	9.5799044663199084e-09	1.4222473813481744e-11
1.3091409206390381e+05	8.2674235040394272e-09	1.9153700378766293e-11
1.4135777950286865e+05	7.0724385040780256e-09	9.6571534576033572e-12
1.5263462066650391e+05	6.0891217452574872e-09	8.0220791423561742e-12
1.6481113433837891e+05	5.3546018187009608e-09	1.1623880550929457e-11
1.7795896530151367e+05	4.6324628250673768e-09	5.6578436074943498e-12
1.9215559959411621e+05	4.0646400262954891e-09	4.7514090336826278e-12
2.0748484134674072e+05	3.5992242505615241e-09	4.1211287231278777e-12
2.2403705120086670e+05	3.2055860393306509e-09	3.4845497498174132e-12
2.4190962314605713e+05	2.8852004219349030e-09	3.0133590443733348e-12
2.6120793819427490e+05	2.6181353834309606e-09	2.6787629269913330e-12
2.8204584121704102e+05	2.4009823672371805e-09	2.4133116158513167e-12
3.0454611778259277e+05	2.2264593546737884e-09	2.0655115965336139e-12
3.2884132862091064e+05	2.1036729469228304e-09	4.7925798407654995e-12
3.5507464408874512e+05	1.9666975414918550e-09	1.6870697725810445e-12
3.8340079784393311e+05	1.8776331350113012e-09	1.5483368959883660e-12
4.1398668289184570e+05	1.8135396818964323e-09	1.4482255156631754e-12
4.4701254367828369e+05	1.7713713767560406e-09	1.3498088373276439e-12
4.8207950592041016e+05	1.7575739881975680e-09	1.9083264144491547e-12
