x		y		e
0.0000000000000000e+00	6.5522564220220985e+01	0.0000000000000000e+00
2.3841857910156250e-01	1.2982236800209082e-02	0.0000000000000000e+00
4.7683715820312500e-01	7.7489287933958442e-03	0.0000000000000000e+00
7.1525573730468750e-01	6.8882041943449657e-03	0.0000000000000000e+00
9.5367431640625000e-01	8.5088283889911288e-03	0.0000000000000000e+00
1.1920928955078125e+00	5.2513888146346506e-03	0.0000000000000000e+00
1.4305114746093750e+00	5.2382933453671808e-03	0.0000000000000000e+00
1.6689300537109375e+00	4.1187743629213808e-03	0.0000000000000000e+00
1.9073486328125000e+00	7.5535174366388519e-03	0.0000000000000000e+00
2.1457672119140625e+00	6.3320897914477007e-03	0.0000000000000000e+00
2.3841857910156250e+00	4.1581178161155105e-03	0.0000000000000000e+00
2.6226043701171875e+00	6.9677443184148384e-03	0.0000000000000000e+00
2.8610229492187500e+00	3.1322735774711175e-03	0.0000000000000000e+00
3.0994415283203125e+00	5.2663275043175889e-03	0.0000000000000000e+00
3.3378601074218750e+00	4.5307944726254218e-03	0.0000000000000000e+00
3.5762786865234375e+00	3.9346858387627930e-03	0.0000000000000000e+00
3.8146972656250000e+00	5.5867239836779837e-03	0.0000000000000000e+00
4.1723251342773438e+00	4.7951651728836584e-03	4.9915854670699534e-05
4.5299530029296875e+00	6.6434598221157279e-03	0.0000000000000000e+00
4.8875808715820312e+00	3.8696079511363565e-03	9.1066199949968948e-05
5.2452087402343750e+00	4.2293858488451682e-03	0.0000000000000000e+00
5.6028366088867188e+00	4.7708705199961052e-03	1.0647110413274936e-03
6.0796737670898438e+00	6.1851884428075791e-03	1.0038154044147707e-03
6.5565109252929688e+00	4.8567893705610005e-03	1.3424957376118062e-03
7.0333480834960938e+00	4.5571459086523420e-03	9.7875691723000907e-04
7.6293945312500000e+00	6.6040265474798772e-03	1.8827811960966537e-03
8.2254409790039062e+00	3.5711739891278061e-03	1.1181110402605971e-03
8.8214874267578125e+00	3.9508556510975609e-03	7.2416425385077126e-04
9.5367431640625000e+00	5.6568482717582200e-03	4.7175045714033167e-04
1.0371208190917969e+01	5.6814673430261508e-03	7.6466740583247550e-04
1.1205673217773438e+01	3.0030681643181331e-03	5.1853843231973830e-04
1.2040138244628906e+01	6.2513950045349426e-03	7.8474763403766745e-04
1.3113021850585938e+01	4.5247274738660619e-03	6.1052453588588686e-04
1.4185905456542969e+01	5.8721104759423539e-03	4.1138767787426349e-04
1.5258789062500000e+01	4.1596444572295829e-03	6.5195045292414284e-04
1.6450881958007812e+01	4.4854742162122232e-03	7.4316288442302517e-04
1.7762184143066406e+01	4.2258128824499714e-03	3.9723787230335183e-04
1.9192695617675781e+01	5.0584753963063746e-03	2.4555238741129988e-04
2.0742416381835938e+01	4.7975422194244692e-03	4.9039747233080408e-04
2.2411346435546875e+01	5.5284738023347949e-03	8.6777765722412541e-04
2.4199485778808594e+01	4.3266185312755365e-03	2.9278258328289323e-04
2.6106834411621094e+01	4.2982089653029942e-03	5.3657827563300244e-04
2.8133392333984375e+01	4.2171133100297976e-03	2.8279347292414796e-04
3.0398368835449219e+01	4.3252953359690007e-03	5.5160589344052896e-04
3.2901763916015625e+01	4.5113006959328896e-03	3.0748634948292187e-04
3.5524368286132812e+01	4.0465296924159389e-03	4.5938224920585597e-04
3.8266181945800781e+01	4.6568308321281284e-03	3.5529053712045442e-04
4.1365623474121094e+01	3.8004933002159917e-03	2.9903944956798345e-04
4.4703483581542969e+01	4.2027230085164968e-03	3.9353384429418394e-04
4.8279762268066406e+01	4.1974721007831230e-03	2.8077442315734610e-04
5.2094459533691406e+01	3.8615578501953541e-03	2.9871255247952905e-04
5.6266784667968750e+01	3.7916577381988861e-03	2.1410454449274227e-04
6.0796737670898438e+01	3.3754474407093420e-03	2.1392702490120432e-04
6.5565109252929688e+01	3.3981169187405659e-03	2.3457387476534341e-04
7.0810317993164062e+01	3.7534959267516120e-03	1.7788131254023879e-04
7.6532363891601562e+01	3.6892345953969184e-03	2.7876377536935711e-04
8.2612037658691406e+01	3.4054426999594557e-03	2.2023706128061497e-04
8.9168548583984375e+01	3.6913783999915515e-03	2.2676750836803040e-04
9.6321105957031250e+01	3.2028134028861911e-03	1.6810268836988176e-04
1.0395050048828125e+02	3.2057493221757760e-03	1.3648783596582114e-04
1.1229515075683594e+02	3.0410997354094007e-03	1.3727247612547975e-04
1.2135505676269531e+02	2.8603450489502317e-03	1.5428056352447420e-04
1.3101100921630859e+02	2.7698494180653532e-03	1.2561546482650894e-04
1.4138221740722656e+02	2.4593112601164293e-03	9.7242072994439095e-05
1.5258789062500000e+02	2.3156014876367561e-03	9.8235023813129078e-05
1.6474723815917969e+02	2.2355355158517388e-03	8.8134585743979179e-05
1.7797946929931641e+02	2.2100363087613224e-03	7.0827586191017484e-05
1.9216537475585938e+02	2.0403768349524388e-03	6.1010648394493702e-05
2.0742416381835938e+02	1.7555023122761302e-03	6.7152400986939762e-05
2.2399425506591797e+02	1.6515273012933009e-03	5.0886234733083238e-05
2.4187564849853516e+02	1.5306118332664685e-03	4.6959973543462624e-05
2.6118755340576172e+02	1.2962395806226862e-03	3.7743468214736047e-05
2.8204917907714844e+02	1.2090518650886564e-03	3.8323269436360828e-05
3.0457973480224609e+02	1.0172147703225508e-03	2.7441158579309867e-05
3.2889842987060547e+02	9.3697334628468671e-04	2.5714724914773420e-05
3.5512447357177734e+02	8.3441582008152030e-04	2.4183780065874497e-05
3.8337707519531250e+02	7.2784979637914473e-04	1.6920424922277873e-05
4.1389465332031250e+02	6.3843113116633600e-04	1.6065916833021303e-05
4.4691562652587891e+02	5.6001843034154887e-04	1.4367207831363633e-05
4.8267841339111328e+02	4.8241913533485757e-04	1.1516313996667984e-05
5.2118301391601562e+02	4.4996263655438276e-04	9.8582910252396240e-06
5.6266784667968750e+02	3.8558978596738583e-04	8.9240283777492586e-06
6.0760974884033203e+02	3.2809274349793172e-04	6.6461337834426078e-06
6.5612792968750000e+02	2.7987273744050728e-04	6.0159475511309848e-06
7.0846080780029297e+02	2.3892213716894637e-04	4.4614116430175033e-06
7.6496601104736328e+02	2.0828312058753637e-04	3.8640163699380265e-06
8.2600116729736328e+02	1.8006799436118083e-04	3.3453671063794459e-06
8.9192390441894531e+02	1.5939156854365160e-04	2.6510653901749660e-06
9.6309185028076172e+02	1.3607658489955249e-04	2.3522998723566554e-06
1.0398626327514648e+03	1.1752558530149820e-04	1.9285532175195362e-06
1.1228322982788086e+03	1.0087964151746112e-04	1.5953473481912139e-06
1.2124776840209961e+03	8.6341661163312228e-05	1.2905297483232425e-06
1.3091564178466797e+03	7.2969448468401886e-05	1.0688352822179144e-06
1.4135837554931641e+03	6.2562307612860872e-05	8.2944606054703554e-07
1.5263557434082031e+03	5.4491853610685138e-05	7.2163969700448261e-07
1.6480684280395508e+03	4.5827339600175482e-05	5.8166373598444449e-07
1.7795562744140625e+03	3.9500565075083477e-05	4.6545002910495196e-07
1.9215345382690430e+03	3.3964089671293810e-05	4.1538741824098105e-07
2.0748376846313477e+03	2.8478788951837197e-05	3.2992663378583196e-07
2.2404193878173828e+03	2.5517347362045147e-05	2.6185845463365549e-07
2.4191141128540039e+03	2.1205749506015257e-05	2.1928007185149470e-07
2.6121139526367188e+03	1.8144270179386209e-05	1.8655786034163064e-07
2.8204917907714844e+03	1.5759856543178015e-05	1.5426687504639947e-07
3.0454397201538086e+03	1.3324051925169376e-05	1.2634601467441116e-07
3.2883882522583008e+03	1.1370264125385632e-05	1.0285689429793680e-07
3.5507678985595703e+03	9.7795799304287716e-06	8.4422818109237210e-08
3.8340091705322266e+03	8.3886940644419872e-06	6.8993663037234904e-08
4.1397809982299805e+03	7.1273801375062216e-06	5.8460298095070698e-08
4.4701099395751953e+03	6.0304596401822563e-06	4.8155877698553076e-08
4.8267841339111328e+03	5.2277913000426722e-06	3.9443298129336704e-08
5.2118301391601562e+03	4.3813124097095954e-06	3.2282565284518866e-08
5.6276321411132812e+03	3.7730046595239604e-06	2.6770471178837539e-08
6.0765743255615234e+03	3.1964627790108865e-06	2.1643314861615289e-08
6.5612792968750000e+03	2.7738515398894802e-06	1.8033206016281465e-08
7.0847272872924805e+03	2.3489094153775883e-06	1.4512732923141420e-08
7.6498985290527344e+03	1.9998888001481890e-06	1.1663567900689409e-08
8.2601308822631836e+03	1.7144540641704604e-06	9.6900896024996421e-09
8.9191198348999023e+03	1.4789520834702099e-06	8.1044559038769632e-09
9.6306800842285156e+03	1.2500945796623919e-06	6.4715966703399780e-09
1.0398983955383301e+04	1.0563744644277415e-06	5.2610446506797250e-09
1.1228442192077637e+04	9.0527130893092059e-07	4.4400393223017924e-09
1.2124180793762207e+04	7.7381711189764468e-07	3.6204347937538181e-09
1.3091444969177246e+04	6.5872159678999463e-07	2.9564834411488266e-09
1.4135718345642090e+04	5.5723918559255830e-07	2.4410019383849730e-09
1.5263438224792480e+04	4.7746096102599156e-07	1.9493820766105641e-09
1.6481161117553711e+04	4.0692619994656973e-07	1.6080790963951494e-09
1.7795920372009277e+04	3.4622840388196710e-07	1.3529942443351404e-09
1.9215583801269531e+04	2.9337033260582806e-07	1.1109276924086172e-09
2.0748496055603027e+04	2.4900397483254025e-07	8.9869894270164079e-10
2.2403717041015625e+04	2.1256139506239228e-07	7.3215941402036800e-10
2.4191021919250488e+04	1.8104492013529241e-07	6.0133067286916996e-10
2.6120781898498535e+04	1.5292770946468474e-07	4.8986365592200203e-10
2.8204560279846191e+04	1.3001764608549496e-07	3.9872472413955954e-10
3.0454635620117188e+04	1.1053298267225039e-07	3.3043220996655325e-10
3.2884120941162109e+04	9.4094136864674300e-08	2.6722180125841053e-10
3.5507440567016602e+04	7.9708859326899827e-08	2.1751101385406294e-10
3.8340091705322266e+04	6.7268185691474632e-08	1.7440101790092940e-10
4.1398644447326660e+04	5.7155539769021842e-08	1.4445139103492104e-10
4.4701218605041504e+04	4.8342435175629721e-08	1.1836455792785861e-10
4.8267364501953125e+04	4.1010329618540956e-08	9.4951748177750289e-11
5.2117824554443359e+04	3.4583364785699619e-08	7.7835870779740829e-11
5.6275486946105957e+04	2.9315239248282398e-08	6.3773210322052905e-11
6.0764908790588379e+04	2.4745971627148673e-08	5.1679681800237763e-11
6.5612435340881348e+04	2.0983914339740624e-08	4.2321740814611479e-11
7.0846676826477051e+04	1.7652690360276772e-08	3.4400885658716362e-11
7.6498508453369141e+04	1.4874630017224713e-08	2.7772568920794485e-11
8.2601189613342285e+04	1.2546466165656667e-08	2.2628016369940931e-11
8.9190721511840820e+04	1.0563505203214329e-08	1.8421096101234870e-11
9.6305966377258301e+04	8.9138961782122343e-09	1.4749822906360937e-11
1.0398876667022705e+05	7.4944196021705870e-09	1.2088351046187381e-11
1.1228442192077637e+05	6.2915427404428743e-09	9.7477054974272055e-12
1.2124192714691162e+05	5.2895042068761834e-09	7.8701117355231559e-12
1.3091409206390381e+05	4.4393870088013938e-09	6.3104889161930338e-12
1.4135777950286865e+05	3.7251939937653185e-09	5.1464812405840448e-12
1.5263462066650391e+05	3.1245016941678943e-09	4.1640070626942397e-12
1.6481113433837891e+05	2.6133699445621254e-09	3.3366805954859403e-12
1.7795896530151367e+05	2.1783097958204516e-09	2.6641427699152573e-12
1.9215559959411621e+05	1.8294919234944203e-09	2.1624128034194094e-12
2.0748484134674072e+05	1.5263052755212059e-09	1.7349402544711532e-12
2.2403705120086670e+05	1.2728927468514160e-09	1.3862817441550507e-12
2.4190962314605713e+05	1.0615003380207108e-09	1.1186727494170258e-12
2.6120793819427490e+05	8.8177999349043375e-10	8.9520086566990762e-13
2.8204584121704102e+05	7.3693658000481006e-10	7.2150826653219734e-13
3.0454611778259277e+05	6.1461048474190703e-10	5.7423011718805878e-13
3.2884132862091064e+05	5.1183161911108861e-10	4.6399340357104571e-13
3.5507464408874512e+05	4.2844381514016612e-10	3.7116819504535433e-13
3.8340079784393311e+05	3.6094153835921853e-10	3.0135247830906262e-13
4.1398668289184570e+05	3.0955419176983722e-10	2.4730705551969938e-13
4.4701254367828369e+05	2.7536627626104569e-10	2.1102860671246213e-13
4.8207950592041016e+05	2.5664812535743230e-10	1.9155843093270658e-13
