x		y		e
4.9999999999999998e-07	2.9476355665363293e-04	2.9476355665363293e-04
1.9999999999999999e-06	1.5260102653555962e-03	0.0000000000000000e+00
3.0000000000000001e-06	2.5284818731101271e-03	0.0000000000000000e+00
3.9999999999999998e-06	3.5854325387648400e-03	0.0000000000000000e+00
4.9999999999999996e-06	4.6749957878197083e-03	0.0000000000000000e+00
6.0000000000000002e-06	5.7879903600671131e-03	0.0000000000000000e+00
6.9999999999999999e-06	6.9188404256727244e-03	0.0000000000000000e+00
7.9999999999999996e-06	8.0629986765353243e-03	0.0000000000000000e+00
9.0000000000000002e-06	9.2180591467384398e-03	0.0000000000000000e+00
9.9999999999999991e-06	1.0382290571998734e-02	0.0000000000000000e+00
1.1000000000000000e-05	1.1553913983664055e-02	0.0000000000000000e+00
1.2000000000000000e-05	1.2732396303856320e-02	0.0000000000000000e+00
1.2999999999999999e-05	1.3916025348112726e-02	0.0000000000000000e+00
1.4000000000000000e-05	1.5104428391150960e-02	0.0000000000000000e+00
1.4999999999999999e-05	1.6296893304404599e-02	0.0000000000000000e+00
1.6500000000000001e-05	1.8092692664054603e-02	5.9965409299271870e-04
1.8000000000000000e-05	1.9894549668255837e-02	0.0000000000000000e+00
1.8999999999999998e-05	2.1099250983890452e-02	0.0000000000000000e+00
2.0499999999999997e-05	2.2911006113435405e-02	6.0461721889881921e-04
2.2499999999999998e-05	2.5332862569715196e-02	6.0629027530478786e-04
2.4499999999999999e-05	2.7761184190398087e-02	6.0770466169095402e-04
2.6500000000000000e-05	3.0194102013932585e-02	6.0860595091631880e-04
2.8500000000000002e-05	3.2630284976607318e-02	6.0947286503616836e-04
3.0499999999999999e-05	3.5068999708535435e-02	6.0990088518786758e-04
3.2999999999999996e-05	3.8119286107443889e-02	7.0449142136415170e-04
3.5499999999999996e-05	4.1169639298901967e-02	6.0972987783644214e-04
3.7999999999999995e-05	4.4219026413899153e-02	7.0421852537656555e-04
4.0999999999999994e-05	4.7877345320255282e-02	7.0379998684267817e-04
4.4500000000000004e-05	5.2140800013214819e-02	7.8575160817603851e-04
4.8500000000000000e-05	5.7004976272987146e-02	7.8415064954687154e-04
5.2500000000000002e-05	6.1859030816075411e-02	7.8259846367494644e-04
5.6499999999999998e-05	6.6704286014941661e-02	7.8127081270671576e-04
6.0999999999999999e-05	7.2145693595086144e-02	8.5414527507940180e-04
6.6000000000000005e-05	7.8179701389013201e-02	8.5259033443039101e-04
7.0999999999999991e-05	8.4199124674750617e-02	8.4991302626059547e-04
7.6500000000000003e-05	9.0798337789841851e-02	9.1504240657357258e-04
8.2500000000000000e-05	9.7972837638204691e-02	9.1139884617003942e-04
8.8999999999999995e-05	1.0570759996840962e-01	9.6898693782155763e-04
9.5999999999999989e-05	1.1398861602194020e-01	9.6288702839780293e-04
1.0349999999999999e-04	1.2280160113504553e-01	1.0140462346676512e-03
1.1199999999999997e-04	1.3271346989128543e-01	1.0604469538927884e-03
1.2099999999999999e-04	1.4312117887879289e-01	1.0510143793332908e-03
1.3050000000000000e-04	1.5401069633384004e-01	1.0928758366531518e-03
1.4100000000000001e-04	1.6593883660568212e-01	1.1303738486276571e-03
1.5249999999999999e-04	1.7886475266375093e-01	1.1633553652160122e-03
1.6500000000000003e-04	1.9274916453196866e-01	1.1929228136373139e-03
1.7800000000000002e-04	2.0701681982658843e-01	1.1773652224746976e-03
1.9200000000000000e-04	2.2217022255502608e-01	1.2417639032163254e-03
2.0750000000000000e-04	2.3870371470922613e-01	1.2594407454816496e-03
2.2400000000000000e-04	2.5602035496671849e-01	1.2748670462589312e-03
2.4200000000000003e-04	2.7458832626642732e-01	1.3204290124322515e-03
2.6150000000000001e-04	2.9434446989045537e-01	1.3275388138062237e-03
2.8200000000000002e-04	3.1472349114464471e-01	1.3332715703545583e-03
3.0450000000000003e-04	3.3660517537729823e-01	1.3869856313712182e-03
3.2899999999999992e-04	3.5985439383855228e-01	1.3789076177884373e-03
3.5500000000000001e-04	3.8385874841138384e-01	1.3900135212058043e-03
3.8350000000000000e-04	4.0941976089007265e-01	1.4219062383043310e-03
4.1399999999999998e-04	4.3594232833525154e-01	1.3955008779768666e-03
4.4699999999999997e-04	4.6359813153767593e-01	1.4239519371791764e-03
4.8299999999999992e-04	4.9262618630649646e-01	1.4067815375893905e-03
5.2150000000000005e-04	5.2243614955173967e-01	1.4021306641279101e-03
5.6300000000000002e-04	5.5317692949525521e-01	1.3874136116559135e-03
6.0749999999999997e-04	5.8467224158338571e-01	1.3683613045516463e-03
6.5600000000000001e-04	6.1731468000199607e-01	1.3655215250405644e-03
7.0849999999999982e-04	6.5077435592707833e-01	1.3241020013020671e-03
7.6500000000000005e-04	6.8455364909908611e-01	1.2942754031929047e-03
8.2599999999999969e-04	7.1876596533828974e-01	1.2548598568463481e-03
8.9200000000000011e-04	7.5355025349983162e-01	1.2365100617299121e-03
9.6299999999999966e-04	7.8854688382131577e-01	1.1771540472927777e-03
1.0394999999999998e-03	8.2335605004181933e-01	1.1355467353529125e-03
1.1225000000000000e-03	8.5807894492598324e-01	1.0767958190441012e-03
1.2120000000000000e-03	8.9210993932433424e-01	1.0188540491943717e-03
1.3090000000000003e-03	9.2580466511769177e-01	9.6361672745409895e-04
1.4134999999999998e-03	9.5842852760903674e-01	8.8668718672558838e-04
1.5259999999999998e-03	9.8906884276776852e-01	7.9175484963786417e-04
1.6480000000000006e-03	1.0176019605038025e+00	7.0947139117444845e-04
1.7795000000000005e-03	1.0445774512830699e+00	6.5787460717425925e-04
1.9215000000000002e-03	1.0704276906919150e+00	6.0102549394229910e-04
2.0749999999999996e-03	1.0951067152636091e+00	5.5035855353859780e-04
2.2404999999999999e-03	1.1185362545463911e+00	5.0944876201090166e-04
2.4190000000000001e-03	1.1404544260377545e+00	4.3912301989866050e-04
2.6119999999999997e-03	1.1595341196561859e+00	3.5119077142066642e-04
2.8204999999999997e-03	1.1745623852790443e+00	2.5336974122175583e-04
3.0455000000000000e-03	1.1859712291429407e+00	1.9962967725927811e-04
3.2885000000000002e-03	1.1958889624957265e+00	1.6670274719033951e-04
3.5504999999999998e-03	1.2043487698631681e+00	1.3842072130023478e-04
3.8339999999999997e-03	1.2129450089261535e+00	1.5456873723213360e-04
4.1399999999999996e-03	1.2226193140817199e+00	1.5158675463459995e-04
4.4700000000000000e-03	1.2301901653361500e+00	9.9458449214806434e-05
4.8205000000000019e-03	1.2368477150153521e+00	1.0801319865809373e-04
