x		y		e
4.9999999999999998e-07	3.8753383386342386e-04	3.8753383386342386e-04
1.9999999999999999e-06	1.9432615256369551e-03	0.0000000000000000e+00
3.0000000000000001e-06	3.1460547732664601e-03	0.0000000000000000e+00
3.9999999999999998e-06	4.3981848444428311e-03	0.0000000000000000e+00
4.9999999999999996e-06	5.6757059880646783e-03	0.0000000000000000e+00
6.0000000000000002e-06	6.9712995306897025e-03	0.0000000000000000e+00
6.9999999999999999e-06	8.2802130875974465e-03	0.0000000000000000e+00
7.9999999999999996e-06	9.5992565369491609e-03	0.0000000000000000e+00
9.0000000000000002e-06	1.0926300232191195e-02	0.0000000000000000e+00
9.9999999999999991e-06	1.2259737319520249e-02	0.0000000000000000e+00
1.1000000000000000e-05	1.3597924688206335e-02	0.0000000000000000e+00
1.2000000000000000e-05	1.4940523234277516e-02	0.0000000000000000e+00
1.2999999999999999e-05	1.6285830510618271e-02	0.0000000000000000e+00
1.4000000000000000e-05	1.7633869638277719e-02	0.0000000000000000e+00
1.4999999999999999e-05	1.8983686858893900e-02	0.0000000000000000e+00
1.6500000000000001e-05	2.1011583088380428e-02	6.7632864914183102e-04
1.8000000000000000e-05	2.3041212689177082e-02	0.0000000000000000e+00
1.8999999999999998e-05	2.4394438693695755e-02	0.0000000000000000e+00
2.0499999999999997e-05	2.6423775378321256e-02	6.7620716169901676e-04
2.2499999999999998e-05	2.9127259345101776e-02	6.7559722061948698e-04
2.4499999999999999e-05	3.1828160247759467e-02	6.7468645229146326e-04
2.6500000000000000e-05	3.4525362597105785e-02	6.7381751989877730e-04
2.8500000000000002e-05	3.7218755897065470e-02	6.7287853545056422e-04
3.0499999999999999e-05	3.9908374122803132e-02	6.7184469003926705e-04
3.2999999999999996e-05	4.3262648310745049e-02	7.7356387483833936e-04
3.5499999999999996e-05	4.6607216552789391e-02	6.6752533214331294e-04
3.7999999999999995e-05	4.9939565863769513e-02	7.6840991776801367e-04
4.0999999999999994e-05	5.3924298438759198e-02	7.6530096910791393e-04
4.4500000000000004e-05	5.8552314139622676e-02	8.5169392595065962e-04
4.8500000000000000e-05	6.3814093106157058e-02	8.4639389047328384e-04
5.2500000000000002e-05	6.9041266534603588e-02	8.4084373518106997e-04
5.6499999999999998e-05	7.4236319736720027e-02	8.3567468143341242e-04
6.0999999999999999e-05	8.0038008984679387e-02	9.0831730686459684e-04
6.6000000000000005e-05	8.6436968510857054e-02	9.0153739104207708e-04
7.0999999999999991e-05	9.2785453539304327e-02	8.9415347279740796e-04
7.6500000000000003e-05	9.9707438660687389e-02	9.5692636791471701e-04
8.2500000000000000e-05	1.0718708616269096e-01	9.4710172311186758e-04
8.8999999999999995e-05	1.1519968377889714e-01	1.0004774473196044e-03
9.5999999999999989e-05	1.2372204453995098e-01	9.8798909765055202e-04
1.0349999999999999e-04	1.3273800941653974e-01	1.0341607819065973e-03
1.1199999999999997e-04	1.4280236306792435e-01	1.0725821599340687e-03
1.2099999999999999e-04	1.5329023348255422e-01	1.0546606853330904e-03
1.3050000000000000e-04	1.6416747804521570e-01	1.0869362269804257e-03
1.4100000000000001e-04	1.7597226443121730e-01	1.1136420601670866e-03
1.5249999999999999e-04	1.8863906204374728e-01	1.1336781556384604e-03
1.6500000000000003e-04	2.0209175825449407e-01	1.1488039809438354e-03
1.7800000000000002e-04	2.1574728872894669e-01	1.1207211694729527e-03
1.9200000000000000e-04	2.3007157883181409e-01	1.1655508165303685e-03
2.0750000000000000e-04	2.4547694526978903e-01	1.1651617519987726e-03
2.2400000000000000e-04	2.6136555504298853e-01	1.1606090594974124e-03
2.4200000000000003e-04	2.7811716157415889e-01	1.1807428296440180e-03
2.6150000000000001e-04	2.9560372302029514e-01	1.1640915081897239e-03
2.8200000000000002e-04	3.1328572153830858e-01	1.1449172013741271e-03
3.0450000000000003e-04	3.3185753280931063e-01	1.1639308114463286e-03
3.2899999999999992e-04	3.5112367613922207e-01	1.1296829571702184e-03
3.5500000000000001e-04	3.7057529597287830e-01	1.1146077395796216e-03
3.8350000000000000e-04	3.9080785506919352e-01	1.1109783147272689e-03
4.1399999999999998e-04	4.1128989430866136e-01	1.0643031293021622e-03
4.4699999999999997e-04	4.3205233025646306e-01	1.0529351602405577e-03
4.8299999999999992e-04	4.5321566878638475e-01	1.0113792222856677e-03
5.2150000000000005e-04	4.7428117407452108e-01	9.7327352631967489e-04
5.6300000000000002e-04	4.9518258134275644e-01	9.2272783369590325e-04
6.0749999999999997e-04	5.1567726487583132e-01	8.7501537213562465e-04
6.5600000000000001e-04	5.3615487358739478e-01	8.3767556184100457e-04
7.0849999999999982e-04	5.5617776258790574e-01	7.7379236369295860e-04
7.6500000000000005e-04	5.7540331533858335e-01	7.2036765050520403e-04
8.2599999999999969e-04	5.9392283137352653e-01	6.5947452506988509e-04
8.9200000000000011e-04	6.1143978198921400e-01	5.9860893157527182e-04
9.6299999999999966e-04	6.2798747141902889e-01	5.4572435065413239e-04
1.0394999999999998e-03	6.4353064577161612e-01	4.8453582064403403e-04
1.1225000000000000e-03	6.5757552732096525e-01	4.1575517329711913e-04
1.2120000000000000e-03	6.7028473725772764e-01	3.6837571861236118e-04
1.3090000000000003e-03	6.8221382046308199e-01	3.3769395391724594e-04
1.4134999999999998e-03	6.9340218366191408e-01	2.9689129232722024e-04
1.5259999999999998e-03	7.0377581600823158e-01	2.7223775674387545e-04
1.6480000000000006e-03	7.1343219524937107e-01	2.3546628813613771e-04
1.7795000000000005e-03	7.2206941470110220e-01	2.0595254586070253e-04
1.9215000000000002e-03	7.3001450530629508e-01	1.7572855891162217e-04
2.0749999999999996e-03	7.3649834478182818e-01	1.3562407760003213e-04
2.2404999999999999e-03	7.4233795635044408e-01	1.2259917225970060e-04
2.4190000000000001e-03	7.4742570172156264e-01	9.5227632408192859e-05
2.6119999999999997e-03	7.5166133163462467e-01	9.2571580120996859e-05
2.8204999999999997e-03	7.5618547155126226e-01	8.3297402675213932e-05
3.0455000000000000e-03	7.6064964796618861e-01	9.0992925938116788e-05
3.2885000000000002e-03	7.6503017792668115e-01	6.6078017430522005e-05
3.5504999999999998e-03	7.6805837964551582e-01	4.1220928282614034e-05
3.8339999999999997e-03	7.7099868358865375e-01	7.0108224371899695e-05
4.1399999999999996e-03	7.7648469413964727e-01	9.1421126878619093e-05
4.4700000000000000e-03	7.8074202747794086e-01	4.2625841255808883e-05
4.8205000000000019e-03	7.8458879598834919e-01	8.6057104961437985e-05
