x		y		e
4.9999999999999998e-07	6.9487282451981163e+08	3.7368075323180002e+08
1.9999999999999999e-06	6.1661975534704372e+07	0.0000000000000000e+00
3.0000000000000001e-06	4.9339373553962767e+07	0.0000000000000000e+00
3.9999999999999998e-06	2.9786315932088513e+07	0.0000000000000000e+00
4.9999999999999996e-06	2.1416950339947641e+07	0.0000000000000000e+00
6.0000000000000002e-06	1.6620792756742265e+07	0.0000000000000000e+00
6.9999999999999999e-06	1.3318322833344614e+07	0.0000000000000000e+00
7.9999999999999996e-06	1.0575258685416844e+07	0.0000000000000000e+00
9.0000000000000002e-06	8.7663748838979769e+06	0.0000000000000000e+00
9.9999999999999991e-06	7.2325974866204066e+06	0.0000000000000000e+00
1.1000000000000000e-05	6.3247104342919840e+06	0.0000000000000000e+00
1.2000000000000000e-05	5.2091487902919659e+06	0.0000000000000000e+00
1.2999999999999999e-05	5.0787691754411291e+06	0.0000000000000000e+00
1.4000000000000000e-05	4.0048296388529716e+06	0.0000000000000000e+00
1.4999999999999999e-05	3.4181534142313325e+06	0.0000000000000000e+00
1.6500000000000001e-05	3.0065010449440293e+06	1.4737965859488520e+05
1.8000000000000000e-05	2.3886880334312129e+06	0.0000000000000000e+00
1.8999999999999998e-05	2.2517413448123778e+06	0.0000000000000000e+00
2.0499999999999997e-05	1.8425322285949620e+06	1.1673763627197807e+05
2.2499999999999998e-05	1.4955293941704859e+06	7.5120948129191063e+04
2.4499999999999999e-05	8.1038158645605750e+05	6.8915155913233539e+04
2.6500000000000000e-05	6.2320886466784612e+05	6.5990949656132769e+04
2.8500000000000002e-05	5.9403502458598267e+05	2.1261418087987660e+05
3.0499999999999999e-05	2.9163283830708097e+05	2.5861282164756238e+04
3.2999999999999996e-05	2.1220602825137464e+05	9.8501863567305423e+04
3.5499999999999996e-05	-3.8367799890969315e+05	3.0586860188917938e+05
3.7999999999999995e-05	-2.0956055598288996e+05	4.0709893248970046e+04
4.0999999999999994e-05	-2.5981749701611069e+05	4.4726150412673043e+04
4.4500000000000004e-05	-2.9801884901110682e+05	6.2857211095487059e+04
4.8500000000000000e-05	-3.5833990220046334e+05	1.3598182955164614e+05
5.2500000000000002e-05	-6.4715359012933401e+05	2.2411195755086130e+04
5.6499999999999998e-05	-7.1969937137120019e+05	5.4212432907093142e+04
6.0999999999999999e-05	-6.7156989523240516e+05	9.6714655535806858e+04
6.6000000000000005e-05	-9.2912177938255132e+05	2.6406569926241278e+04
7.0999999999999991e-05	-9.4157735452005302e+05	9.2875512956290928e+04
7.6500000000000003e-05	-1.0462891543472627e+06	2.4906163936578876e+04
8.2500000000000000e-05	-9.3277045231052849e+05	5.7015523701367601e+04
8.8999999999999995e-05	-8.9195153143622843e+05	3.8446330257431713e+04
9.5999999999999989e-05	-8.6357474277192820e+05	5.6052777274101551e+04
1.0349999999999999e-04	-1.0249146142816353e+06	3.5279441424032957e+04
1.1199999999999997e-04	-8.7933606945793214e+05	4.4835401219748528e+04
1.2099999999999999e-04	-9.3278810520881577e+05	6.3357510226002123e+04
1.3050000000000000e-04	-9.5175765383114386e+05	8.6518814694795772e+04
1.4100000000000001e-04	-9.7510098708752461e+05	3.3617485888204486e+04
1.5249999999999999e-04	-1.0246102461038422e+06	6.1526920429689249e+04
1.6500000000000003e-04	-1.0643510174094450e+06	4.1976637902291535e+04
1.7800000000000002e-04	-1.1213487528350286e+06	4.5986308252489602e+04
1.9200000000000000e-04	-9.3527114967959805e+05	5.0250662515533761e+04
2.0750000000000000e-04	-1.0017777953203339e+06	5.6954401482983201e+04
2.2400000000000000e-04	-1.1220547724479863e+06	3.4093820710779364e+04
2.4200000000000003e-04	-9.7568948331199307e+05	4.8457407914245319e+04
2.6150000000000001e-04	-9.0736770633480418e+05	4.7197160638862922e+04
2.8200000000000002e-04	-9.8355097440661630e+05	4.4747031852505585e+04
3.0450000000000003e-04	-9.8837617911313009e+05	3.1771947064078839e+04
3.2899999999999992e-04	-7.9288978344468086e+05	3.6737995760225858e+04
3.5500000000000001e-04	-8.7817053701142920e+05	2.2796799363698145e+04
3.8350000000000000e-04	-7.8255539255000814e+05	3.7981020787139503e+04
4.1399999999999998e-04	-8.3013733477964206e+05	3.4573666418968023e+04
4.4699999999999997e-04	-8.5453789196569228e+05	3.5238712757319852e+04
4.8299999999999992e-04	-8.4191451909847511e+05	2.6211493066270690e+04
5.2150000000000005e-04	-8.2828172553817183e+05	2.9635640985445873e+04
5.6300000000000002e-04	-6.9105892829718720e+05	2.8914843098484766e+04
6.0749999999999997e-04	-6.7313255768638547e+05	2.4190427522172504e+04
6.5600000000000001e-04	-6.2771360426005139e+05	2.5439010209042823e+04
7.0849999999999982e-04	-6.0917655753474776e+05	2.2365656487023134e+04
7.6500000000000005e-04	-6.1819156142929860e+05	2.3765680922238163e+04
8.2599999999999969e-04	-5.7022972033293312e+05	2.2468032747436777e+04
8.9200000000000011e-04	-5.4450248422345193e+05	2.0917971948222214e+04
9.6299999999999966e-04	-4.8671534238001012e+05	1.9288258935999162e+04
1.0394999999999998e-03	-4.2783650242636399e+05	1.8135152634846312e+04
1.1225000000000000e-03	-3.6244249107884453e+05	1.8742439943944748e+04
1.2120000000000000e-03	-3.3333897686525370e+05	1.8232070977747888e+04
1.3090000000000003e-03	-3.2401924008002249e+05	1.8916297320607755e+04
1.4134999999999998e-03	-2.7411076064462913e+05	1.3606652836810239e+04
1.5259999999999998e-03	-2.8859701007839479e+05	1.5591587691510855e+04
1.6480000000000006e-03	-1.7221016415522402e+05	1.4689410975172004e+04
1.7795000000000005e-03	-1.9782022131431341e+05	1.3985593473500960e+04
1.9215000000000002e-03	-1.9056500855201046e+05	1.6298798454620246e+04
2.0749999999999996e-03	-5.6822928446210062e+04	1.2737542727499218e+04
2.2404999999999999e-03	-8.9331385316063199e+04	1.2831614755822557e+04
2.4190000000000001e-03	-1.1627329675727930e+05	1.1805258043345113e+04
2.6119999999999997e-03	-8.3439744871796443e+04	1.2051173730125778e+04
2.8204999999999997e-03	-4.4978470787972496e+04	1.2312843778362421e+04
3.0455000000000000e-03	-3.7874374062413037e+04	1.0959809244005890e+04
3.2885000000000002e-03	-5.6446312834970209e+04	1.0506759312526639e+04
3.5504999999999998e-03	-4.1640447512271989e+04	1.0994346712340266e+04
3.8339999999999997e-03	-1.3519533239514867e+04	9.3165846087863374e+03
4.1399999999999996e-03	-4.1494245281137446e+04	9.6421014365044175e+03
4.4700000000000000e-03	-3.2246245277311136e+04	9.3445431836091120e+03
4.8205000000000019e-03	9.7626398485409736e+03	8.3291190877464542e+03
