x		y		e
0.0000000000000000e+00	5.9460172730383626e+01	0.0000000000000000e+00
2.3841857910156250e-01	1.8508829748832757e-02	0.0000000000000000e+00
4.7683715820312500e-01	1.6632329423389564e-02	0.0000000000000000e+00
7.1525573730468750e-01	7.9331326349086559e-03	0.0000000000000000e+00
9.5367431640625000e-01	5.3412127884000836e-03	0.0000000000000000e+00
1.1920928955078125e+00	1.0094708912805072e-02	0.0000000000000000e+00
1.4305114746093750e+00	9.4206916372155721e-03	0.0000000000000000e+00
1.6689300537109375e+00	5.1987647264689716e-03	0.0000000000000000e+00
1.9073486328125000e+00	9.4349829424907900e-03	0.0000000000000000e+00
2.1457672119140625e+00	9.4157442664215985e-03	0.0000000000000000e+00
2.3841857910156250e+00	8.7097700014453772e-03	0.0000000000000000e+00
2.6226043701171875e+00	4.9593466335474982e-03	0.0000000000000000e+00
2.8610229492187500e+00	8.3622007749808661e-03	0.0000000000000000e+00
3.0994415283203125e+00	4.1915282943466789e-03	0.0000000000000000e+00
3.3378601074218750e+00	6.4592370704323358e-03	0.0000000000000000e+00
3.5762786865234375e+00	5.4922613191992833e-03	0.0000000000000000e+00
3.8146972656250000e+00	8.5553909076213457e-03	0.0000000000000000e+00
4.1723251342773438e+00	5.1726157904165284e-03	7.9019873789114314e-04
4.5299530029296875e+00	7.8668862808357314e-03	0.0000000000000000e+00
4.8875808715820312e+00	5.3860957090515384e-03	1.2046915423310114e-03
5.2452087402343750e+00	6.1766536543552226e-03	0.0000000000000000e+00
5.6028366088867188e+00	7.6217511568956575e-03	8.2432574435661811e-04
6.0796737670898438e+00	5.7123647018537931e-03	2.1034319588287499e-04
6.5565109252929688e+00	4.3411980894566800e-03	1.7406906833011076e-03
7.0333480834960938e+00	6.2109168242169268e-03	6.1042240654147930e-04
7.6293945312500000e+00	5.3197526373750699e-03	4.1634083494581595e-04
8.2254409790039062e+00	4.7645692270918139e-03	3.3660927296706993e-04
8.8214874267578125e+00	6.4858807790641989e-03	7.6805689925315440e-04
9.5367431640625000e+00	4.5775656249154644e-03	5.1434229510244399e-04
1.0371208190917969e+01	5.3911423060808783e-03	5.0496795322676352e-04
1.1205673217773438e+01	7.4544619518587879e-03	8.3729783986854220e-04
1.2040138244628906e+01	5.1020269759162809e-03	5.0359922752598381e-04
1.3113021850585938e+01	4.5778540115863978e-03	3.3308083129226726e-04
1.4185905456542969e+01	4.4333991426650171e-03	5.9126477916573159e-04
1.5258789062500000e+01	4.1158112248444369e-03	3.8489967667463735e-04
1.6450881958007812e+01	6.0703864414920240e-03	7.3027973916310563e-04
1.7762184143066406e+01	4.0717835186316687e-03	5.4548525413504153e-04
1.9192695617675781e+01	3.8684667931557473e-03	3.5539901280842642e-04
2.0742416381835938e+01	4.3541632983765807e-03	4.5910053732640846e-04
2.2411346435546875e+01	3.7738380231571028e-03	4.1398611026841146e-04
2.4199485778808594e+01	4.0327293282116415e-03	4.1768266523556499e-04
2.6106834411621094e+01	3.1771091604212067e-03	3.3944492210520057e-04
2.8133392333984375e+01	3.9479950668129321e-03	1.7770546353804471e-04
3.0398368835449219e+01	3.4869469014028585e-03	2.8898852293696452e-04
3.2901763916015625e+01	3.5968339354614065e-03	3.1317936627379636e-04
3.5524368286132812e+01	3.0739514966834432e-03	2.7585619859222410e-04
3.8266181945800781e+01	3.1769177479771620e-03	2.8305023470171837e-04
4.1365623474121094e+01	3.0861868724596344e-03	2.0284873335465819e-04
4.4703483581542969e+01	2.7641975949860465e-03	1.9256723774841542e-04
4.8279762268066406e+01	2.1481425414616811e-03	1.6606469675896763e-04
5.2094459533691406e+01	2.5027436301043237e-03	1.2996010660239912e-04
5.6266784667968750e+01	2.4567602689110381e-03	1.5479742396318097e-04
6.0796737670898438e+01	2.1516246874564663e-03	1.0699659640340777e-04
6.5565109252929688e+01	2.5212972032956438e-03	1.6082438464005055e-04
7.0810317993164062e+01	2.2248748639193687e-03	1.6387475713004832e-04
7.6532363891601562e+01	1.8526448520692143e-03	1.0445737415647852e-04
8.2612037658691406e+01	1.8975121442140995e-03	1.2085479631817419e-04
8.9168548583984375e+01	1.9445887694792010e-03	1.0134550959629184e-04
9.6321105957031250e+01	1.7434554083490832e-03	9.5801314424555375e-05
1.0395050048828125e+02	1.5671773278798766e-03	7.0482872817317614e-05
1.1229515075683594e+02	1.5723261806665602e-03	6.8237912279643136e-05
1.2135505676269531e+02	1.4847920311334935e-03	6.3260405250827620e-05
1.3101100921630859e+02	1.4014416174844059e-03	5.0876300274888489e-05
1.4138221740722656e+02	1.2840995585208139e-03	5.8159805841053585e-05
1.5258789062500000e+02	1.2686678189927055e-03	5.3189845818882485e-05
1.6474723815917969e+02	1.1792207003451089e-03	5.3002238476960515e-05
1.7797946929931641e+02	1.0515135727706187e-03	3.8779243517003880e-05
1.9216537475585938e+02	1.0550848688367224e-03	3.5112833085344530e-05
2.0742416381835938e+02	8.9710633376617805e-04	2.9276882819512123e-05
2.2399425506591797e+02	8.6305260666180586e-04	2.4379785531985242e-05
2.4187564849853516e+02	7.6479199382006380e-04	2.8897045810475853e-05
2.6118755340576172e+02	7.3469508281883648e-04	2.4182012622912708e-05
2.8204917907714844e+02	6.3196345936216878e-04	1.8082055101415866e-05
3.0457973480224609e+02	5.6356291464468126e-04	1.7208742439846247e-05
3.2889842987060547e+02	4.7553491593151098e-04	1.2967127240994054e-05
3.5512447357177734e+02	4.3387082439299380e-04	1.2297007369366239e-05
3.8337707519531250e+02	3.9666661298618872e-04	1.0507979247704588e-05
4.1389465332031250e+02	3.3641174643305355e-04	9.5585672472614398e-06
4.4691562652587891e+02	2.8773279665598252e-04	6.4028848129101391e-06
4.8267841339111328e+02	2.6499212945824146e-04	6.1610355912258444e-06
5.2118301391601562e+02	2.3665218264978417e-04	5.7591044842563209e-06
5.6266784667968750e+02	1.9768099852436450e-04	4.1036481120970581e-06
6.0760974884033203e+02	1.7415067072967859e-04	3.5556805496756237e-06
6.5612792968750000e+02	1.4706241868907031e-04	3.1754460943713912e-06
7.0846080780029297e+02	1.3360405482429021e-04	2.4281816461748458e-06
7.6496601104736328e+02	1.1049792967987733e-04	2.0402853800886603e-06
8.2600116729736328e+02	9.6059634694160560e-05	1.8647185223592091e-06
8.9192390441894531e+02	8.5565255260499151e-05	1.4421526156651450e-06
9.6309185028076172e+02	7.1861800159999601e-05	1.2421682562089863e-06
1.0398626327514648e+03	6.2658325938220243e-05	1.0543725719431006e-06
1.1228322982788086e+03	5.2227493353081905e-05	8.3171497120414734e-07
1.2124776840209961e+03	4.4737225041506889e-05	6.3516523066024942e-07
1.3091564178466797e+03	3.8664953041879011e-05	5.3618311481286744e-07
1.4135837554931641e+03	3.3795711867754445e-05	4.6627997267009133e-07
1.5263557434082031e+03	2.9307042271919779e-05	3.8887999904196436e-07
1.6480684280395508e+03	2.5208709876880304e-05	3.1486695463542546e-07
1.7795562744140625e+03	2.1355111245413995e-05	2.7065090387933555e-07
1.9215345382690430e+03	1.7940195709121107e-05	2.0177031321828405e-07
2.0748376846313477e+03	1.5359836334946843e-05	1.6335019970557042e-07
2.2404193878173828e+03	1.3340600079927497e-05	1.4547408714776397e-07
2.4191141128540039e+03	1.1167558478014675e-05	1.1817003651693245e-07
2.6121139526367188e+03	9.5908748621491892e-06	9.2662257090912965e-08
2.8204917907714844e+03	8.2985780943072121e-06	7.9709096388908196e-08
3.0454397201538086e+03	7.0692331855437261e-06	6.4685259103725113e-08
3.2883882522583008e+03	6.1137391914612721e-06	5.5484740253271355e-08
3.5507678985595703e+03	5.2075538718908432e-06	4.6147954444797848e-08
3.8340091705322266e+03	4.4532536379671275e-06	3.7707614458854693e-08
4.1397809982299805e+03	3.8142359731747596e-06	2.9587283205802999e-08
4.4701099395751953e+03	3.3077484881547337e-06	2.5961336371163536e-08
4.8267841339111328e+03	2.7957636959117286e-06	2.1637226788069455e-08
5.2118301391601562e+03	2.3717715548038078e-06	1.7639687221277458e-08
5.6276321411132812e+03	2.0191100857040791e-06	1.3446719434687451e-08
6.0765743255615234e+03	1.7254242369569404e-06	1.1374534593923514e-08
6.5612792968750000e+03	1.4873811367509939e-06	9.2437044441111465e-09
7.0847272872924805e+03	1.2759485017025480e-06	7.8058616360717545e-09
7.6498985290527344e+03	1.0724370529574732e-06	6.2359696503508907e-09
8.2601308822631836e+03	9.2075433270020442e-07	5.3115404537203893e-09
8.9191198348999023e+03	7.8410627446861074e-07	4.3870184293694446e-09
9.6306800842285156e+03	6.7721761956942893e-07	3.5275130183317113e-09
1.0398983955383301e+04	5.7298296494656376e-07	2.9326019129605270e-09
1.1228442192077637e+04	4.8750167373314791e-07	2.3722775539995631e-09
1.2124180793762207e+04	4.2008666197250892e-07	1.9619663756906508e-09
1.3091444969177246e+04	3.5362448657448245e-07	1.5995674269075503e-09
1.4135718345642090e+04	3.0257819732123531e-07	1.3312855781716308e-09
1.5263438224792480e+04	2.5714224008061415e-07	1.0868636739361004e-09
1.6481161117553711e+04	2.1906820610500251e-07	8.9698789230600298e-10
1.7795920372009277e+04	1.8569430307376165e-07	7.2731995692190011e-10
1.9215583801269531e+04	1.5883758466072451e-07	5.9224775733323365e-10
2.0748496055603027e+04	1.3467099032113652e-07	4.7791667470655625e-10
2.2403717041015625e+04	1.1441678464618667e-07	3.9571473522849579e-10
2.4191021919250488e+04	9.6572552906676140e-08	3.1998815982559468e-10
2.6120781898498535e+04	8.3100813579884163e-08	2.6698566652503205e-10
2.8204560279846191e+04	7.0132060561755071e-08	2.1659393649542527e-10
3.0454635620117188e+04	5.9385092562996947e-08	1.7474499867454052e-10
3.2884120941162109e+04	5.0527773503264683e-08	1.4306440587768492e-10
3.5507440567016602e+04	4.2635408224871745e-08	1.1611984799476838e-10
3.8340091705322266e+04	3.6307718997439641e-08	9.5931563533396745e-11
4.1398644447326660e+04	3.0833466077439178e-08	7.8262500215563764e-11
4.4701218605041504e+04	2.6127622663455635e-08	6.4033274229683642e-11
4.8267364501953125e+04	2.2087805131608995e-08	5.1068042620250705e-11
5.2117824554443359e+04	1.8689783943285593e-08	4.2410927391099173e-11
5.6275486946105957e+04	1.5774279076867137e-08	3.4366603770871840e-11
6.0764908790588379e+04	1.3354782527156174e-08	2.7849376344344996e-11
6.5612435340881348e+04	1.1262695790224673e-08	2.2520812803533687e-11
7.0846676826477051e+04	9.5104958075381297e-09	1.8543726622359714e-11
7.6498508453369141e+04	8.0519277593306825e-09	1.5032737523369832e-11
8.2601189613342285e+04	6.7544888066621548e-09	1.2146590204262349e-11
8.9190721511840820e+04	5.6955648576660738e-09	9.8023099276948567e-12
9.6305966377258301e+04	4.7889625056748647e-09	8.0003555555811911e-12
1.0398876667022705e+05	4.0209700991883791e-09	6.4126121501752970e-12
1.1228442192077637e+05	3.3957108799903450e-09	5.2395950804156371e-12
1.2124192714691162e+05	2.8460533609458411e-09	4.2368484222912448e-12
1.3091409206390381e+05	2.3898521370395251e-09	3.4103735471354337e-12
1.4135777950286865e+05	2.0068347946554885e-09	2.7602619283535280e-12
1.5263462066650391e+05	1.6736027329364174e-09	2.2184807356830147e-12
1.6481113433837891e+05	1.4102835144391230e-09	1.7951828770187235e-12
1.7795896530151367e+05	1.1774851221251726e-09	1.4544803031772993e-12
1.9215559959411621e+05	9.8445108991024299e-10	1.1630695251870629e-12
2.0748484134674072e+05	8.2268403236918213e-10	9.3278946845497764e-13
2.2403705120086670e+05	6.8781022010982671e-10	7.5377139944907048e-13
2.4190962314605713e+05	5.7569185465542788e-10	6.0932602747286736e-13
2.6120793819427490e+05	4.7924286540734492e-10	4.8312750671496159e-13
2.8204584121704102e+05	4.0168254954512742e-10	3.9224397952348996e-13
3.0454611778259277e+05	3.3579462637647244e-10	3.1533092984717475e-13
3.2884132862091064e+05	2.8200856333998139e-10	2.5909870876042347e-13
3.5507464408874512e+05	2.3787837337497371e-10	2.0629955266611286e-13
3.8340079784393311e+05	2.0270417761208236e-10	1.6892384964969156e-13
4.1398668289184570e+05	1.7527051121212449e-10	1.3978322438444699e-13
4.4701254367828369e+05	1.5714285843962829e-10	1.2036514943268042e-13
4.8207950592041016e+05	1.4777442285359808e-10	1.1083664491460331e-13
