x		y		e
0.0000000000000000e+00	4.2138268733362336e+00	0.0000000000000000e+00
2.3841857910156250e-01	6.0437299126312816e-03	0.0000000000000000e+00
4.7683715820312500e-01	2.9223502492936710e-03	0.0000000000000000e+00
7.1525573730468750e-01	2.3130856999363987e-03	0.0000000000000000e+00
9.5367431640625000e-01	1.7171677402301980e-03	0.0000000000000000e+00
1.1920928955078125e+00	1.4565658819866364e-03	0.0000000000000000e+00
1.4305114746093750e+00	2.5387006771637691e-03	0.0000000000000000e+00
1.6689300537109375e+00	1.7177258099836422e-03	0.0000000000000000e+00
1.9073486328125000e+00	2.6766744851282145e-03	0.0000000000000000e+00
2.1457672119140625e+00	1.8095984821946086e-03	0.0000000000000000e+00
2.3841857910156250e+00	7.6207068922728028e-04	0.0000000000000000e+00
2.6226043701171875e+00	1.3437378007418704e-03	0.0000000000000000e+00
2.8610229492187500e+00	1.4319890070599013e-03	0.0000000000000000e+00
3.0994415283203125e+00	6.8398784547024465e-04	0.0000000000000000e+00
3.3378601074218750e+00	1.0070946988648725e-03	0.0000000000000000e+00
3.5762786865234375e+00	7.6308768133270029e-04	0.0000000000000000e+00
3.8146972656250000e+00	5.8353098764669421e-04	0.0000000000000000e+00
4.1723251342773438e+00	8.5525081335194233e-04	7.9745383135463896e-05
4.5299530029296875e+00	8.5984896162676018e-04	0.0000000000000000e+00
4.8875808715820312e+00	7.8153790486255132e-04	9.7469576600184941e-05
5.2452087402343750e+00	6.7897311176242541e-04	0.0000000000000000e+00
5.6028366088867188e+00	6.9188389699409870e-04	1.8347852122708045e-04
6.0796737670898438e+00	8.1006257440643221e-04	8.6504269090286969e-05
6.5565109252929688e+00	9.8097484437708118e-04	7.3451425642373532e-05
7.0333480834960938e+00	7.4339538010258156e-04	2.4825677714844778e-04
7.6293945312500000e+00	9.2578883961784918e-04	6.9232547966566833e-05
8.2254409790039062e+00	7.2965179594532874e-04	2.0631593487002340e-05
8.8214874267578125e+00	7.4302325167593800e-04	1.7401776696190379e-04
9.5367431640625000e+00	8.1148978991688481e-04	3.8565051369459882e-05
1.0371208190917969e+01	7.5985028853817692e-04	1.0737180344525694e-04
1.1205673217773438e+01	7.8925658338916370e-04	1.7369862458687583e-04
1.2040138244628906e+01	6.7673899442475497e-04	1.0095445690280432e-04
1.3113021850585938e+01	7.7974174123867312e-04	3.4148477994387045e-05
1.4185905456542969e+01	7.1947608949717154e-04	5.8520429548042042e-05
1.5258789062500000e+01	8.9358604412975663e-04	9.8063051671295809e-05
1.6450881958007812e+01	8.2053320261117418e-04	1.1207245975918357e-04
1.7762184143066406e+01	6.9287313893516382e-04	5.2829588090292506e-05
1.9192695617675781e+01	8.2475892676369105e-04	8.9281420743122310e-05
2.0742416381835938e+01	9.6836811795827894e-04	1.2725295706260585e-04
2.2411346435546875e+01	8.4794120734365825e-04	1.2458797321213244e-04
2.4199485778808594e+01	6.6903602608090384e-04	9.8584046562469785e-05
2.6106834411621094e+01	7.8921726058996480e-04	8.7505359662751238e-05
2.8133392333984375e+01	8.5920766369087132e-04	6.3092869710431465e-05
3.0398368835449219e+01	8.0496026948555807e-04	7.9444913577147560e-05
3.2901763916015625e+01	7.8868414061883461e-04	7.1274564332846562e-05
3.5524368286132812e+01	8.1293168406568574e-04	8.5459313588499185e-05
3.8266181945800781e+01	7.7440780437031771e-04	6.2608728367005809e-05
4.1365623474121094e+01	8.6111697300720789e-04	5.4964327143267768e-05
4.4703483581542969e+01	7.7860680796246098e-04	5.8747966564587162e-05
4.8279762268066406e+01	8.2236770855591810e-04	6.9720639703336394e-05
5.2094459533691406e+01	7.4579758998819684e-04	4.5931085027857115e-05
5.6266784667968750e+01	7.5581588519255929e-04	3.7508014957458063e-05
6.0796737670898438e+01	7.4064693325752624e-04	4.2013498076158699e-05
6.5565109252929688e+01	7.5951373965839342e-04	4.7579935034373055e-05
7.0810317993164062e+01	7.9883830557598320e-04	4.1732309619603711e-05
7.6532363891601562e+01	7.2311627014595692e-04	5.2189877554601087e-05
8.2612037658691406e+01	7.7559645445988566e-04	4.7168229381804383e-05
8.9168548583984375e+01	8.0804765592548027e-04	3.9469194229985181e-05
9.6321105957031250e+01	6.8308217862100937e-04	3.8261022744795066e-05
1.0395050048828125e+02	6.7912018895696646e-04	3.3860556172709989e-05
1.1229515075683594e+02	7.0778480118470152e-04	2.8841161186955273e-05
1.2135505676269531e+02	7.2562605778356130e-04	3.3075035750666565e-05
1.3101100921630859e+02	7.1366695213740555e-04	3.7258027627591771e-05
1.4138221740722656e+02	6.7353191611888182e-04	3.0629212124631175e-05
1.5258789062500000e+02	6.7671665755371455e-04	2.6676421365341290e-05
1.6474723815917969e+02	5.9069004189002807e-04	2.6387404300012970e-05
1.7797946929931641e+02	5.9531107860810403e-04	1.8603650042966745e-05
1.9216537475585938e+02	5.6692055251016886e-04	1.8509046610196448e-05
2.0742416381835938e+02	5.3940976149435273e-04	1.8995252060308003e-05
2.2399425506591797e+02	5.3990747468982960e-04	1.7634571696759497e-05
2.4187564849853516e+02	5.0495695247756100e-04	1.4889131984002506e-05
2.6118755340576172e+02	4.6443700007825901e-04	1.4421316999692229e-05
2.8204917907714844e+02	4.3690793133177542e-04	1.3236810237128169e-05
3.0457973480224609e+02	4.1254989070165844e-04	1.2105836597191445e-05
3.2889842987060547e+02	3.9050943290328867e-04	1.1487956149645399e-05
3.5512447357177734e+02	3.6158838503778739e-04	9.9653742588437904e-06
3.8337707519531250e+02	3.3000246560425299e-04	8.6024672977910573e-06
4.1389465332031250e+02	3.1541668970353539e-04	6.8362197130998488e-06
4.4691562652587891e+02	2.8051780075761639e-04	6.2740735691904121e-06
4.8267841339111328e+02	2.3945142848828206e-04	5.3065282001625784e-06
5.2118301391601562e+02	2.2365628442774381e-04	5.2454464831197086e-06
5.6266784667968750e+02	1.9273739154154477e-04	3.9666222172758819e-06
6.0760974884033203e+02	1.7462513823680463e-04	3.7057872235130734e-06
6.5612792968750000e+02	1.5152888806831374e-04	2.9519258601143556e-06
7.0846080780029297e+02	1.3100132949668853e-04	2.5295482176353323e-06
7.6496601104736328e+02	1.1598599728202090e-04	2.0875377311818648e-06
8.2600116729736328e+02	1.0361034051269105e-04	1.7340633353822130e-06
8.9192390441894531e+02	8.9613633484660166e-05	1.6506902300297968e-06
9.6309185028076172e+02	7.9784760349303153e-05	1.2794228002139702e-06
1.0398626327514648e+03	6.7744716212664419e-05	1.0856245429613078e-06
1.1228322982788086e+03	6.0058953198502083e-05	9.2562750926625118e-07
1.2124776840209961e+03	5.1344081537981670e-05	8.0255658591220971e-07
1.3091564178466797e+03	4.4661494930403381e-05	6.0912259050048521e-07
1.4135837554931641e+03	3.7366205318008439e-05	4.9269548351828600e-07
1.5263557434082031e+03	3.2509533682934051e-05	4.1641039174303810e-07
1.6480684280395508e+03	2.8217575565833314e-05	3.6119580505125381e-07
1.7795562744140625e+03	2.4482443262009112e-05	2.9540751489348895e-07
1.9215345382690430e+03	2.1123812008738916e-05	2.5210846079507301e-07
2.0748376846313477e+03	1.7992467148991321e-05	2.0519943455067258e-07
2.2404193878173828e+03	1.5516315848969231e-05	1.6010479512551346e-07
2.4191141128540039e+03	1.3152741307335524e-05	1.3728886980880305e-07
2.6121139526367188e+03	1.1350368950869149e-05	1.0800266515599822e-07
2.8204917907714844e+03	9.7657804185862193e-06	9.3087798870627409e-08
3.0454397201538086e+03	8.4679885214596232e-06	7.9578314441814053e-08
3.2883882522583008e+03	7.1273872308582199e-06	6.3845410565113878e-08
3.5507678985595703e+03	6.2481287760732223e-06	5.4462136003781637e-08
3.8340091705322266e+03	5.2483158768261618e-06	4.4061031977893575e-08
4.1397809982299805e+03	4.5526127186027055e-06	3.7112942455899428e-08
4.4701099395751953e+03	3.8541938312474510e-06	2.9831091171715750e-08
4.8267841339111328e+03	3.2694047604311718e-06	2.4244261444993440e-08
5.2118301391601562e+03	2.7765785040450077e-06	1.9449570118062861e-08
5.6276321411132812e+03	2.4111610695776714e-06	1.6515879171035399e-08
6.0765743255615234e+03	2.0711037700802253e-06	1.3803439483126732e-08
6.5612792968750000e+03	1.7617914178371780e-06	1.0820804360705176e-08
7.0847272872924805e+03	1.5131472678226831e-06	9.4085559612512610e-09
7.6498985290527344e+03	1.2900162618095892e-06	7.6368591073072248e-09
8.2601308822631836e+03	1.1080711837610324e-06	6.2968182895505243e-09
8.9191198348999023e+03	9.5336664426537783e-07	5.1767048987734186e-09
9.6306800842285156e+03	8.0304186981894240e-07	4.1716986236907935e-09
1.0398983955383301e+04	6.9146383258506265e-07	3.5263446735530575e-09
1.1228442192077637e+04	5.8686699327271238e-07	2.8064526966533621e-09
1.2124180793762207e+04	5.0156922228608595e-07	2.3709418521717539e-09
1.3091444969177246e+04	4.2641217116264134e-07	1.9381804828358279e-09
1.4135718345642090e+04	3.6563720950398436e-07	1.5656535095212432e-09
1.5263438224792480e+04	3.1038820568007917e-07	1.3039362772750819e-09
1.6481161117553711e+04	2.6561902075071308e-07	1.0727885821013627e-09
1.7795920372009277e+04	2.2700538204066983e-07	8.7701412339539216e-10
1.9215583801269531e+04	1.9340476417508329e-07	7.1370131723316989e-10
2.0748496055603027e+04	1.6514179685472847e-07	5.9418980295406445e-10
2.2403717041015625e+04	1.3991164102545968e-07	4.7839486164499896e-10
2.4191021919250488e+04	1.1913808553496275e-07	3.9579045436776797e-10
2.6120781898498535e+04	1.0210804072937278e-07	3.2901347278216552e-10
2.8204560279846191e+04	8.6387097390520119e-08	2.7041550959155687e-10
3.0454635620117188e+04	7.3854543817760076e-08	2.1839804353719482e-10
3.2884120941162109e+04	6.2876245501794840e-08	1.7893918045524714e-10
3.5507440567016602e+04	5.3665996238463357e-08	1.4789325395675732e-10
3.8340091705322266e+04	4.5488913736363632e-08	1.1938000544356839e-10
4.1398644447326660e+04	3.8887102370242061e-08	9.9001807151849251e-11
4.4701218605041504e+04	3.3089890265352485e-08	7.9327754432164060e-11
4.8267364501953125e+04	2.7915854568375495e-08	6.5450790855080724e-11
5.2117824554443359e+04	2.3815627154307612e-08	5.3814260610011441e-11
5.6275486946105957e+04	2.0187397878160192e-08	4.3871540612813270e-11
6.0764908790588379e+04	1.7192746007831262e-08	3.5936410480917512e-11
6.5612435340881348e+04	1.4546008755014017e-08	2.9477783695202974e-11
7.0846676826477051e+04	1.2411551319586571e-08	2.4037011311727090e-11
7.6498508453369141e+04	1.0509289925819101e-08	1.9592081965199975e-11
8.2601189613342285e+04	8.9178893625938640e-09	1.6011536552555692e-11
8.9190721511840820e+04	7.5618234602579686e-09	1.3090583369116927e-11
9.6305966377258301e+04	6.4176712873557124e-09	1.0645681202789875e-11
1.0398876667022705e+05	5.4457016400716965e-09	8.7504594780566084e-12
1.1228442192077637e+05	4.6032956914182715e-09	7.1181670111060488e-12
1.2124192714691162e+05	3.9157571779414030e-09	5.7953516006176378e-12
1.3091409206390381e+05	3.3128360738058340e-09	4.7393988773297525e-12
1.4135777950286865e+05	2.7999277089270754e-09	3.8218685359915983e-12
1.5263462066650391e+05	2.3810652924957278e-09	3.1323063989962651e-12
1.6481113433837891e+05	2.0147690657553176e-09	2.5565239871812002e-12
1.7795896530151367e+05	1.7080387039125236e-09	2.0859258839832685e-12
1.9215559959411621e+05	1.4511454733723953e-09	1.7054860497913471e-12
2.0748484134674072e+05	1.2278178700614651e-09	1.3874490486541022e-12
2.2403705120086670e+05	1.0434828227198047e-09	1.1406489219528366e-12
2.4190962314605713e+05	8.8374250320912480e-10	9.2483427169082201e-13
2.6120793819427490e+05	7.4769715715666950e-10	7.5692560097343020e-13
2.8204584121704102e+05	6.3282434864112416e-10	6.1508570118141445e-13
3.0454611778259277e+05	5.3573532920328852e-10	5.0069811280134123e-13
3.2884132862091064e+05	4.5170756385898881e-10	4.1191783797133002e-13
3.5507464408874512e+05	3.8153757919103895e-10	3.2993942915761880e-13
3.8340079784393311e+05	3.2183062932237595e-10	2.6827511993630882e-13
4.1398668289184570e+05	2.7449005866610784e-10	2.1893133116374773e-13
4.4701254367828369e+05	2.4155461107284567e-10	1.8557280748095652e-13
4.8207950592041016e+05	2.2413594444973360e-10	1.6743120530338273e-13
