x		y		e
0.0000000000000000e+00	1.0921497584682569e+01	0.0000000000000000e+00
2.3841857910156250e-01	1.8964207138855296e-02	0.0000000000000000e+00
4.7683715820312500e-01	3.6903911056076148e-02	0.0000000000000000e+00
7.1525573730468750e-01	2.2501985553022588e-02	0.0000000000000000e+00
9.5367431640625000e-01	1.5995337665947466e-02	0.0000000000000000e+00
1.1920928955078125e+00	1.8250436063345598e-02	0.0000000000000000e+00
1.4305114746093750e+00	3.4062469134398879e-02	0.0000000000000000e+00
1.6689300537109375e+00	2.1070304036890416e-02	0.0000000000000000e+00
1.9073486328125000e+00	2.4215172511645983e-02	0.0000000000000000e+00
2.1457672119140625e+00	2.8222638932138371e-02	0.0000000000000000e+00
2.3841857910156250e+00	2.0575626996548302e-02	0.0000000000000000e+00
2.6226043701171875e+00	2.5229280925956023e-02	0.0000000000000000e+00
2.8610229492187500e+00	1.4478546797275116e-02	0.0000000000000000e+00
3.0994415283203125e+00	1.2699159582911285e-02	0.0000000000000000e+00
3.3378601074218750e+00	2.1109167438541677e-02	0.0000000000000000e+00
3.5762786865234375e+00	1.3963167859060460e-02	0.0000000000000000e+00
3.8146972656250000e+00	2.0796140141889907e-02	0.0000000000000000e+00
4.1723251342773438e+00	3.3018028182423442e-02	1.1370432443509439e-02
4.5299530029296875e+00	2.4418567094663338e-02	0.0000000000000000e+00
4.8875808715820312e+00	2.0471466688956490e-02	2.2405866288945106e-04
5.2452087402343750e+00	1.7264403896958064e-02	0.0000000000000000e+00
5.6028366088867188e+00	2.2975462574644171e-02	3.1530493132702641e-03
6.0796737670898438e+00	1.4593710585089115e-02	2.0893032591609438e-03
6.5565109252929688e+00	1.9195893684802654e-02	3.8506217948097213e-03
7.0333480834960938e+00	1.8130241863353384e-02	3.1634322303271756e-03
7.6293945312500000e+00	2.0186693213266233e-02	4.8617624576164928e-03
8.2254409790039062e+00	2.0789184051427968e-02	3.7772829120256502e-03
8.8214874267578125e+00	1.5184673658991898e-02	2.1346653795922921e-03
9.5367431640625000e+00	2.4288880022282217e-02	8.1060019727222825e-04
1.0371208190917969e+01	1.6206688612670189e-02	1.6946166027855332e-03
1.1205673217773438e+01	2.7064839792239368e-02	2.7802315342779953e-03
1.2040138244628906e+01	2.1943435313339841e-02	2.4115719895089335e-03
1.3113021850585938e+01	1.6474467543562066e-02	2.1054710810700351e-03
1.4185905456542969e+01	1.3942770850744270e-02	2.6783941783099317e-03
1.5258789062500000e+01	2.1910210743901544e-02	2.2192469985315155e-03
1.6450881958007812e+01	1.6707608948727141e-02	3.3404646913592025e-03
1.7762184143066406e+01	1.7110649636051082e-02	2.9303958682152555e-03
1.9192695617675781e+01	1.4882880996376578e-02	1.3671486028585566e-03
2.0742416381835938e+01	1.6293522489111974e-02	2.6264859283084965e-03
2.2411346435546875e+01	1.5970334794337709e-02	2.2678044007644173e-03
2.4199485778808594e+01	1.2632926728679397e-02	1.5178357985238746e-03
2.6106834411621094e+01	1.1941908483077903e-02	1.3991505238464136e-03
2.8133392333984375e+01	1.1175133709975450e-02	1.0210067570204622e-03
3.0398368835449219e+01	1.2459138141860174e-02	9.9279377072299634e-04
3.2901763916015625e+01	1.1835481740308268e-02	1.3084811734154003e-03
3.5524368286132812e+01	1.0549702273395951e-02	9.8481114071341026e-04
3.8266181945800781e+01	9.9888424498065943e-03	8.8209831728985248e-04
4.1365623474121094e+01	9.6090863865217046e-03	8.2525847929264598e-04
4.4703483581542969e+01	9.5329462686399025e-03	6.0320729224718601e-04
4.8279762268066406e+01	8.7062335751549227e-03	6.9553480179262257e-04
5.2094459533691406e+01	8.1880793627022337e-03	6.8661983383404941e-04
5.6266784667968750e+01	8.3999571705195425e-03	5.6243680112336798e-04
6.0796737670898438e+01	7.8383780846064833e-03	6.3369147558274260e-04
6.5565109252929688e+01	6.4224915308183656e-03	4.7799855489917315e-04
7.0810317993164062e+01	6.5734185686675516e-03	4.9113287582955810e-04
7.6532363891601562e+01	6.2511695876582554e-03	3.2634317173032944e-04
8.2612037658691406e+01	5.8216572671615221e-03	2.9610024290691495e-04
8.9168548583984375e+01	5.3100172235898248e-03	2.8358465627525769e-04
9.6321105957031250e+01	5.1231587179510710e-03	2.6915191883552017e-04
1.0395050048828125e+02	4.8436605049222564e-03	1.9976230028572207e-04
1.1229515075683594e+02	4.8459689273912783e-03	2.0745771389138899e-04
1.2135505676269531e+02	4.3379650567797129e-03	2.1033666133035583e-04
1.3101100921630859e+02	4.2906318458737196e-03	1.7485637313404879e-04
1.4138221740722656e+02	3.5757991457125594e-03	1.4060282636735210e-04
1.5258789062500000e+02	3.6756305038234483e-03	1.2090098142613800e-04
1.6474723815917969e+02	3.0919600886853038e-03	1.1434582965068350e-04
1.7797946929931641e+02	2.8349138215308825e-03	1.0062714291535239e-04
1.9216537475585938e+02	2.5594029286418758e-03	1.0148974162683551e-04
2.0742416381835938e+02	2.4518533724880616e-03	8.3369500551063564e-05
2.2399425506591797e+02	2.2332025160037064e-03	6.8504173598772286e-05
2.4187564849853516e+02	1.9847862303428703e-03	6.5862009471547543e-05
2.6118755340576172e+02	1.7677704759009455e-03	5.3679683768714967e-05
2.8204917907714844e+02	1.5403683303692177e-03	5.0459327913096923e-05
3.0457973480224609e+02	1.3224843371214959e-03	4.2494498694662778e-05
3.2889842987060547e+02	1.2146994027640455e-03	3.9119338142333662e-05
3.5512447357177734e+02	1.0700376805525245e-03	2.9266165940033636e-05
3.8337707519531250e+02	9.6468916222670431e-04	2.4907051222200761e-05
4.1389465332031250e+02	8.1632027803827008e-04	2.1460768398405066e-05
4.4691562652587891e+02	6.9122875061641332e-04	1.7150112806335630e-05
4.8267841339111328e+02	6.1882773085395154e-04	1.3441773685032834e-05
5.2118301391601562e+02	5.4308831638909781e-04	1.2645417897291294e-05
5.6266784667968750e+02	4.7499762031910604e-04	1.0811074975303081e-05
6.0760974884033203e+02	4.0355871474125543e-04	8.5436307257437019e-06
6.5612792968750000e+02	3.5595803594246067e-04	7.0440355006101901e-06
7.0846080780029297e+02	2.9853049235440679e-04	5.7958752173808743e-06
7.6496601104736328e+02	2.7328984963957524e-04	5.2316094654319766e-06
8.2600116729736328e+02	2.2915436886912819e-04	4.5099395754249030e-06
8.9192390441894531e+02	1.9592117420377415e-04	3.4927221245018948e-06
9.6309185028076172e+02	1.6536395157893630e-04	3.0788785061175686e-06
1.0398626327514648e+03	1.4154274706917742e-04	2.3839407252694708e-06
1.1228322982788086e+03	1.2175669809348629e-04	1.8930453595749939e-06
1.2124776840209961e+03	1.0573570486815830e-04	1.6146748638457130e-06
1.3091564178466797e+03	9.0285807831805092e-05	1.2472716792188525e-06
1.4135837554931641e+03	7.7193438438953916e-05	1.0667409645040717e-06
1.5263557434082031e+03	6.5653144168128298e-05	8.7565747128965999e-07
1.6480684280395508e+03	5.7055089034354943e-05	7.0324184121268886e-07
1.7795562744140625e+03	4.9711771390627209e-05	6.1318152139509757e-07
1.9215345382690430e+03	4.0626096324760207e-05	4.7118722421450809e-07
2.0748376846313477e+03	3.4706457847424811e-05	4.0464493319038538e-07
2.2404193878173828e+03	3.0961572847188376e-05	3.4694264443567088e-07
2.4191141128540039e+03	2.5979774102166099e-05	2.6724904996960672e-07
2.6121139526367188e+03	2.2238744710476394e-05	2.1241243427946295e-07
2.8204917907714844e+03	1.8935202354762050e-05	1.8506230079903299e-07
3.0454397201538086e+03	1.6453785030771505e-05	1.5661011592121495e-07
3.2883882522583008e+03	1.3968938820474449e-05	1.2825980894253941e-07
3.5507678985595703e+03	1.1868582088493009e-05	1.0207249351865784e-07
3.8340091705322266e+03	1.0093157230134512e-05	8.5288791495517040e-08
4.1397809982299805e+03	8.6754991823171342e-06	6.9826480572796674e-08
4.4701099395751953e+03	7.4523485490230643e-06	5.5934941709956410e-08
4.8267841339111328e+03	6.3494088648553818e-06	4.6913707477844983e-08
5.2118301391601562e+03	5.4576601580567249e-06	3.9349335153085841e-08
5.6276321411132812e+03	4.6074716482918698e-06	3.2158467134978455e-08
6.0765743255615234e+03	3.9689910130810127e-06	2.6691240763393547e-08
6.5612792968750000e+03	3.3703024433915933e-06	2.2064356663487514e-08
7.0847272872924805e+03	2.8972935039111042e-06	1.7748455554073987e-08
7.6498985290527344e+03	2.4748935661187239e-06	1.4942197629118007e-08
8.2601308822631836e+03	2.0981734510621235e-06	1.2114191954583515e-08
8.9191198348999023e+03	1.7918153259014412e-06	9.8304475679627123e-09
9.6306800842285156e+03	1.5134720166713470e-06	8.0848931809284477e-09
1.0398983955383301e+04	1.3120605310066382e-06	6.5370908409361139e-09
1.1228442192077637e+04	1.1104681465026497e-06	5.4831033423044079e-09
1.2124180793762207e+04	9.5517748726600450e-07	4.4629138295425023e-09
1.3091444969177246e+04	8.1037348442352596e-07	3.6682258875769998e-09
1.4135718345642090e+04	6.8919609344239379e-07	2.9369506962064063e-09
1.5263438224792480e+04	5.8793547066376767e-07	2.4697959142294382e-09
1.6481161117553711e+04	4.9840543205592956e-07	1.9878275921318322e-09
1.7795920372009277e+04	4.2292570285729408e-07	1.6489638484657570e-09
1.9215583801269531e+04	3.6075924710796677e-07	1.3589725129530583e-09
2.0748496055603027e+04	3.0860724823249363e-07	1.0944541216662946e-09
2.2403717041015625e+04	2.6258642091508025e-07	8.9960782810480753e-10
2.4191021919250488e+04	2.2376878819174811e-07	7.4269931699606538e-10
2.6120781898498535e+04	1.8814678241332945e-07	5.9755390380853235e-10
2.8204560279846191e+04	1.6093155283527130e-07	4.9699631153237932e-10
3.0454635620117188e+04	1.3668684465600092e-07	4.0404965503608832e-10
3.2884120941162109e+04	1.1661288171557988e-07	3.3299272892458033e-10
3.5507440567016602e+04	9.8316475890653206e-08	2.7091935296421587e-10
3.8340091705322266e+04	8.3612265349920166e-08	2.2056079239854090e-10
4.1398644447326660e+04	7.1617485868720244e-08	3.4069842711280011e-10
4.4701218605041504e+04	6.0499912407763941e-08	1.4967384362084223e-10
4.8267364501953125e+04	5.1570676233538711e-08	1.2231386075004715e-10
5.2117824554443359e+04	4.3645100270847603e-08	9.7574040516929332e-11
5.6275486946105957e+04	3.7037785355581690e-08	8.0401317725851730e-11
6.0764908790588379e+04	3.1440288272180354e-08	6.5601260902610310e-11
6.5612435340881348e+04	2.6698385298773034e-08	5.3259854431081879e-11
7.0846676826477051e+04	2.2687337717159749e-08	4.3851603012215064e-11
7.6498508453369141e+04	1.9382089041389987e-08	4.7261935676756505e-11
8.2601189613342285e+04	1.6827939228125336e-08	1.1607796884873941e-10
8.9190721511840820e+04	1.4014667402860162e-08	2.4317905792058852e-11
9.6305966377258301e+04	1.1989178148769586e-08	1.9897142299581410e-11
1.0398876667022705e+05	1.0249709540114293e-08	1.6393137606050454e-11
1.1228442192077637e+05	8.8040842927827244e-09	1.3551344665317000e-11
1.2124192714691162e+05	7.5485359341824559e-09	1.1171218835317579e-11
1.3091409206390381e+05	6.5641836740572932e-09	1.0594820978520716e-11
1.4135777950286865e+05	5.6620030830830264e-09	7.7417991784936518e-12
1.5263462066650391e+05	4.9372115350040082e-09	6.5567584924305033e-12
1.6481113433837891e+05	4.3587033854789297e-09	6.7298551574130919e-12
1.7795896530151367e+05	3.8332598981821949e-09	4.6697586131876610e-12
1.9215559959411621e+05	3.4167958232030675e-09	4.0074174768300996e-12
2.0748484134674072e+05	3.0655001170413093e-09	3.4739335609891873e-12
2.2403705120086670e+05	2.7777098817795490e-09	3.0283885588311326e-12
2.4190962314605713e+05	2.5328588903920084e-09	2.6533973656774823e-12
2.6120793819427490e+05	2.3403346254304496e-09	2.3601354888810373e-12
2.8204584121704102e+05	2.1852477959333053e-09	2.1825630518542381e-12
3.0454611778259277e+05	2.0587177433734572e-09	1.9234882229260681e-12
3.2884132862091064e+05	1.9734121681074588e-09	4.7404162225637559e-12
3.5507464408874512e+05	1.8709821105704794e-09	1.6174247512128363e-12
3.8340079784393311e+05	1.8088977972065372e-09	1.5055864180466899e-12
4.1398668289184570e+05	1.7601869574204519e-09	1.4168291071261721e-12
4.4701254367828369e+05	1.7281299710837242e-09	1.3340027534395555e-12
4.8207950592041016e+05	1.7230670780067395e-09	1.4583224635003409e-12
