x		y		e
4.9999999999999998e-07	2.9720300076751583e-04	2.9720300076751583e-04
1.9999999999999999e-06	1.5442628209791920e-03	0.0000000000000000e+00
3.0000000000000001e-06	2.5803676651408162e-03	0.0000000000000000e+00
3.9999999999999998e-06	3.6702088469309168e-03	0.0000000000000000e+00
4.9999999999999996e-06	4.7940706016490336e-03	0.0000000000000000e+00
6.0000000000000002e-06	5.9421243240282773e-03	0.0000000000000000e+00
6.9999999999999999e-06	7.1086162562841570e-03	0.0000000000000000e+00
7.9999999999999996e-06	8.2893539201954001e-03	0.0000000000000000e+00
9.0000000000000002e-06	9.4816075550017385e-03	0.0000000000000000e+00
9.9999999999999991e-06	1.0683322082476642e-02	0.0000000000000000e+00
1.1000000000000000e-05	1.1892732434745252e-02	0.0000000000000000e+00
1.2000000000000000e-05	1.3109092460642945e-02	0.0000000000000000e+00
1.2999999999999999e-05	1.4331095518668300e-02	0.0000000000000000e+00
1.4000000000000000e-05	1.5558603888059632e-02	0.0000000000000000e+00
1.4999999999999999e-05	1.6790270343553883e-02	0.0000000000000000e+00
1.6500000000000001e-05	1.8645189019481118e-02	6.1942898259162058e-04
1.8000000000000000e-05	2.0506672315606683e-02	0.0000000000000000e+00
1.8999999999999998e-05	2.1751396722829032e-02	0.0000000000000000e+00
2.0499999999999997e-05	2.3622353491235620e-02	6.2412040259138583e-04
2.2499999999999998e-05	2.6121940207661176e-02	6.2567871893943507e-04
2.4499999999999999e-05	2.8627233023461679e-02	6.2684075379424386e-04
2.6500000000000000e-05	3.1136908703110630e-02	6.2779306400986216e-04
2.8500000000000002e-05	3.3649053674682745e-02	6.2825885590445769e-04
3.0499999999999999e-05	3.6162854422318716e-02	6.2861566784612650e-04
3.2999999999999996e-05	3.9305687797838725e-02	7.2566702848845686e-04
3.5499999999999996e-05	4.2447403329809889e-02	6.2804922477630021e-04
3.7999999999999995e-05	4.5587999036420440e-02	7.2518107185002558e-04
4.0999999999999994e-05	4.9354313569047979e-02	7.2448961770945556e-04
4.4500000000000004e-05	5.3745111383859775e-02	8.0950544234863328e-04
4.8500000000000000e-05	5.8756577151039560e-02	8.0800213434408191e-04
5.2500000000000002e-05	6.3757834467574631e-02	8.0617619170751903e-04
5.6499999999999998e-05	6.8747313042255564e-02	8.0413662238688693e-04
6.0999999999999999e-05	7.4343989900283819e-02	8.7809205297250043e-04
6.6000000000000005e-05	8.0543861978553663e-02	8.7543852056150566e-04
7.0999999999999991e-05	8.6723885370743561e-02	8.7264781159052422e-04
7.6500000000000003e-05	9.3497532641267048e-02	9.3879560215249136e-04
8.2500000000000000e-05	1.0085733847981559e-01	9.3478272178672544e-04
8.8999999999999995e-05	1.0879067344644129e-01	9.9395519286584128e-04
9.5999999999999989e-05	1.1728661930492591e-01	9.8780018187673703e-04
1.0349999999999999e-04	1.2633142042907164e-01	1.0412439742372116e-03
1.1199999999999997e-04	1.3651083853398382e-01	1.0889509021964944e-03
1.2099999999999999e-04	1.4720316435874670e-01	1.0799092344684824e-03
1.3050000000000000e-04	1.5838589869234646e-01	1.1218854481471578e-03
1.4100000000000001e-04	1.7062463672480335e-01	1.1596656764882528e-03
1.5249999999999999e-04	1.8388459166458779e-01	1.1935192748869811e-03
1.6500000000000003e-04	1.9813193301101900e-01	1.2239042843992063e-03
1.7800000000000002e-04	2.1275829928317555e-01	1.2068353400184236e-03
1.9200000000000000e-04	2.2829842246718621e-01	1.2738199724643610e-03
2.0750000000000000e-04	2.4526446643348554e-01	1.2923265406289668e-03
2.2400000000000000e-04	2.6303576250987204e-01	1.3088922904251133e-03
2.4200000000000003e-04	2.8209358966141324e-01	1.3547900973091605e-03
2.6150000000000001e-04	3.0234423859920456e-01	1.3601111343476214e-03
2.8200000000000002e-04	3.2320135524699378e-01	1.3626132869628651e-03
3.0450000000000003e-04	3.4555525448979291e-01	1.4172193719535454e-03
3.2899999999999992e-04	3.6930701539725647e-01	1.4085327452452610e-03
3.5500000000000001e-04	3.9379829954517526e-01	1.4159520862980729e-03
3.8350000000000000e-04	4.1971388113497915e-01	1.4346914948379962e-03
4.1399999999999998e-04	4.4648554732404994e-01	1.4106454993536659e-03
4.4699999999999997e-04	4.7450794439786365e-01	1.4458414946169897e-03
4.8299999999999992e-04	5.0393307026982836e-01	1.4265169871530341e-03
5.2150000000000005e-04	5.3414441925144385e-01	1.4192764698082530e-03
5.6300000000000002e-04	5.6523014724149256e-01	1.4016089237187139e-03
6.0749999999999997e-04	5.9709383513226721e-01	1.3851689381151524e-03
6.5600000000000001e-04	6.3020322652917715e-01	1.3854065875227195e-03
7.0849999999999982e-04	6.6414130413719963e-01	1.3461245266055987e-03
7.6500000000000005e-04	6.9860823795590843e-01	1.3234514633096342e-03
8.2599999999999969e-04	7.3337339576906024e-01	1.2679712295646274e-03
8.9200000000000011e-04	7.6826545488651998e-01	1.2310487144277476e-03
9.6299999999999966e-04	8.0299875519465402e-01	1.1634714267312989e-03
1.0394999999999998e-03	8.3727489264964672e-01	1.1150787561705169e-03
1.1225000000000000e-03	8.7134727205378115e-01	1.0580301009156903e-03
1.2120000000000000e-03	9.0506451736951066e-01	1.0095109697565972e-03
1.3090000000000003e-03	9.3840825503960745e-01	9.5961811138670723e-04
1.4134999999999998e-03	9.7112458649216504e-01	8.9895496335393686e-04
1.5259999999999998e-03	1.0025631526725851e+00	8.1747519428110327e-04
1.6480000000000006e-03	1.0320778926896834e+00	7.3517534902446050e-04
1.7795000000000005e-03	1.0595233758237623e+00	6.5531437718763198e-04
1.9215000000000002e-03	1.0855618468537940e+00	6.0715733726994633e-04
2.0749999999999996e-03	1.1103224724334790e+00	5.4921845522344030e-04
2.2404999999999999e-03	1.1336664732843686e+00	5.0041038491293341e-04
2.4190000000000001e-03	1.1550223925617114e+00	4.2624994636771387e-04
2.6119999999999997e-03	1.1738744708012703e+00	3.5530968440659140e-04
2.8204999999999997e-03	1.1902163711914799e+00	2.9946706454373145e-04
3.0455000000000000e-03	1.2045838496811199e+00	2.6464499497320460e-04
3.2885000000000002e-03	1.2177543610739718e+00	2.2637695536550150e-04
3.5504999999999998e-03	1.2294666758692254e+00	1.9655024411595562e-04
3.8339999999999997e-03	1.2406242556586324e+00	1.8071187970046862e-04
4.1399999999999996e-03	1.2518408865116899e+00	1.8623164133567996e-04
4.4700000000000000e-03	1.2642139306535041e+00	2.0772545388675635e-04
4.8205000000000019e-03	1.2768408818601271e+00	1.7818385722441539e-04
