x		y		e
4.9999999999999998e-07	1.5904401612871556e+09	2.0423405323961549e+09
1.9999999999999999e-06	1.6761622287005934e+08	0.0000000000000000e+00
3.0000000000000001e-06	8.3018554420093119e+07	0.0000000000000000e+00
3.9999999999999998e-06	5.2651810991296463e+07	0.0000000000000000e+00
4.9999999999999996e-06	3.1900710487710100e+07	0.0000000000000000e+00
6.0000000000000002e-06	2.9701860193624146e+07	0.0000000000000000e+00
6.9999999999999999e-06	1.7534777069368970e+07	0.0000000000000000e+00
7.9999999999999996e-06	1.5954505404098812e+07	0.0000000000000000e+00
9.0000000000000002e-06	1.3430557997393720e+07	0.0000000000000000e+00
9.9999999999999991e-06	1.2430794543025399e+07	0.0000000000000000e+00
1.1000000000000000e-05	1.0587477319622478e+07	0.0000000000000000e+00
1.2000000000000000e-05	1.1111345765166178e+07	0.0000000000000000e+00
1.2999999999999999e-05	8.9006810901061855e+06	0.0000000000000000e+00
1.4000000000000000e-05	5.9499753456828035e+06	0.0000000000000000e+00
1.4999999999999999e-05	5.4994724603229873e+06	0.0000000000000000e+00
1.6500000000000001e-05	3.5461437923440645e+06	2.2515242539209514e+06
1.8000000000000000e-05	2.8356038451740611e+06	0.0000000000000000e+00
1.8999999999999998e-05	3.3317212093299637e+06	0.0000000000000000e+00
2.0499999999999997e-05	1.9205106262124444e+06	1.1060195129201366e+06
2.2499999999999998e-05	3.5829822870909474e+06	8.0101478289486363e+05
2.4499999999999999e-05	3.9471059764837120e+06	3.5937560393071809e+05
2.6500000000000000e-05	1.0020426054496494e+06	5.6197364138880884e+05
2.8500000000000002e-05	3.6202499616714049e+05	8.7403872547133814e+05
3.0499999999999999e-05	-1.2362343852358329e+05	1.1265942944487310e+06
3.2999999999999996e-05	8.7797714980517121e+04	1.1075829350535385e+06
3.5499999999999996e-05	-3.1474602304779328e+04	2.7305003535703977e+05
3.7999999999999995e-05	-5.1712076947575295e+05	1.1949907554835491e+06
4.0999999999999994e-05	-1.3779111588692290e+06	1.0011904289555153e+06
4.4500000000000004e-05	-2.8156759793586953e+05	4.5328455339936190e+05
4.8500000000000000e-05	6.5212062641147291e+05	1.4183955065629291e+06
5.2500000000000002e-05	-1.8488539005049476e+06	4.7965435420334304e+05
5.6499999999999998e-05	-6.3710846590440103e+05	2.6101849280924647e+05
6.0999999999999999e-05	-1.4792867086357460e+06	8.6097758899440244e+05
6.6000000000000005e-05	-1.6912555110120587e+06	7.1791984268194786e+05
7.0999999999999991e-05	1.6531233082820949e+05	6.2361202428074658e+05
7.6500000000000003e-05	-2.1954235113742952e+06	3.3174010739569762e+05
8.2500000000000000e-05	-1.0849928232330156e+06	8.4958161055572936e+05
8.8999999999999995e-05	-1.8554681168293387e+06	7.8937524459552497e+05
9.5999999999999989e-05	-9.7941156928425306e+05	7.4286411645873939e+05
1.0349999999999999e-04	-1.5576203594727209e+06	5.2450514296392316e+05
1.1199999999999997e-04	-2.2486411674129171e+06	4.6843061688404332e+05
1.2099999999999999e-04	-1.1087380331626018e+06	7.5210123853628698e+05
1.3050000000000000e-04	-1.4822938504180126e+06	4.8972816868213809e+05
1.4100000000000001e-04	-1.2784273521419249e+06	5.7295606580647815e+05
1.5249999999999999e-04	-1.8928361879399258e+06	4.2027075244335178e+05
1.6500000000000003e-04	-1.5936449955083979e+06	5.2773427708190901e+05
1.7800000000000002e-04	-1.8573201229959044e+06	4.7747192102457304e+05
1.9200000000000000e-04	-1.4025311889036621e+06	5.2704226564873336e+05
2.0750000000000000e-04	-1.3745719288434573e+06	3.8841137799955579e+05
2.2400000000000000e-04	-1.9676123594077420e+06	3.8809567690343742e+05
2.4200000000000003e-04	-1.6247635751330445e+06	4.3825358996033465e+05
2.6150000000000001e-04	-1.5087147906682647e+06	3.9190492486946506e+05
2.8200000000000002e-04	-1.7842403027740601e+06	4.2998438494679233e+05
3.0450000000000003e-04	-1.3379448542102415e+06	3.7802542824801133e+05
3.2899999999999992e-04	-1.6812992231917360e+06	3.2186341152623401e+05
3.5500000000000001e-04	-1.5859345034247425e+06	3.0455468825976591e+05
3.8350000000000000e-04	-1.5111541923118872e+06	3.3469178876107972e+05
4.1399999999999998e-04	-1.4982508223662463e+06	2.5564461916432655e+05
4.4699999999999997e-04	-1.6145996607217079e+06	2.6369983592560532e+05
4.8299999999999992e-04	-1.1951983997159025e+06	3.0201465563252871e+05
5.2150000000000005e-04	-1.1445496914632397e+06	2.0713320152035257e+05
5.6300000000000002e-04	-1.5426920919669736e+06	2.2843091289729020e+05
6.0749999999999997e-04	-1.0192590131599813e+06	2.5849311511407595e+05
6.5600000000000001e-04	-9.4979960064659198e+05	2.4948044757401789e+05
7.0849999999999982e-04	-1.0997814663652114e+06	2.0214537711350026e+05
7.6500000000000005e-04	-9.5922313864249049e+05	2.0928696029678732e+05
8.2599999999999969e-04	-8.6668890652751515e+05	1.9770188739431140e+05
8.9200000000000011e-04	-9.4148802567790821e+05	1.9981054526472525e+05
9.6299999999999966e-04	-7.1271847386314580e+05	1.9109068784353754e+05
1.0394999999999998e-03	-6.7300740612283535e+05	1.9312969444071699e+05
1.1225000000000000e-03	-6.8878526449906698e+05	1.8235955374393327e+05
1.2120000000000000e-03	-5.6556760945623333e+05	1.7247583145800311e+05
1.3090000000000003e-03	-5.1765060221310786e+05	1.6585825013770536e+05
1.4134999999999998e-03	-4.3126798904732137e+05	1.6482586815319175e+05
1.5259999999999998e-03	-4.8001047669192211e+05	1.5427024564870293e+05
1.6480000000000006e-03	-2.6409500853822811e+05	1.4436165542917629e+05
1.7795000000000005e-03	-2.5530173188271411e+05	1.3871356958263545e+05
1.9215000000000002e-03	-1.8510675960350642e+05	1.3238928937155602e+05
2.0749999999999996e-03	-3.4629679410867527e+05	1.2597560720978820e+05
2.2404999999999999e-03	-1.2758782043191331e+05	1.2454082188993591e+05
2.4190000000000001e-03	-1.8444512776665314e+05	1.2756252529271878e+05
2.6119999999999997e-03	-1.7523734052662391e+05	1.1726736883927896e+05
2.8204999999999997e-03	-1.0500722207035430e+05	1.0391778110078702e+05
3.0455000000000000e-03	-2.8790090962805243e+04	9.9481710965422550e+04
3.2885000000000002e-03	-7.1439036781043193e+04	1.0372417933236995e+05
3.5504999999999998e-03	5.2285928440274613e+04	1.0037362172463404e+05
3.8339999999999997e-03	-5.9356921869216218e+04	9.1387956292967981e+04
4.1399999999999996e-03	-8.0436333236261213e+04	8.6831173332424922e+04
4.4700000000000000e-03	4.5016546001970550e+04	8.3426281983888417e+04
4.8205000000000019e-03	5.8519953342220260e+03	8.3565640476701941e+04
