x		y		e
0.0000000000000000e+00	2.8483500120052778e+01	0.0000000000000000e+00
2.3841857910156250e-01	5.2608832863660047e-03	0.0000000000000000e+00
4.7683715820312500e-01	5.7249491259250525e-03	0.0000000000000000e+00
7.1525573730468750e-01	6.4658957345899264e-03	0.0000000000000000e+00
9.5367431640625000e-01	2.9199753115326734e-03	0.0000000000000000e+00
1.1920928955078125e+00	6.8747304253964940e-03	0.0000000000000000e+00
1.4305114746093750e+00	6.6782795473336945e-03	0.0000000000000000e+00
1.6689300537109375e+00	7.5885886059545819e-03	0.0000000000000000e+00
1.9073486328125000e+00	7.9800113060274399e-03	0.0000000000000000e+00
2.1457672119140625e+00	3.8484594703998222e-03	0.0000000000000000e+00
2.3841857910156250e+00	5.5107544629628127e-03	0.0000000000000000e+00
2.6226043701171875e+00	2.2943336185022750e-03	0.0000000000000000e+00
2.8610229492187500e+00	5.6944269154437311e-03	0.0000000000000000e+00
3.0994415283203125e+00	5.3501311740861588e-03	0.0000000000000000e+00
3.3378601074218750e+00	6.2325588682699126e-03	0.0000000000000000e+00
3.5762786865234375e+00	3.7229552306952182e-03	0.0000000000000000e+00
3.8146972656250000e+00	3.2074842909268490e-03	0.0000000000000000e+00
4.1723251342773438e+00	3.7935312416735832e-03	9.0301753371350448e-04
4.5299530029296875e+00	4.0453562838640867e-03	0.0000000000000000e+00
4.8875808715820312e+00	3.8051128529164001e-03	5.5154700146883135e-04
5.2452087402343750e+00	3.1694258379860092e-03	0.0000000000000000e+00
5.6028366088867188e+00	6.4127634144314442e-03	1.6308659172185871e-03
6.0796737670898438e+00	4.4230402729438746e-03	3.8922121634108099e-04
6.5565109252929688e+00	4.8160240337534787e-03	1.2589073076500049e-03
7.0333480834960938e+00	4.5403825608946458e-03	1.2988676922045055e-03
7.6293945312500000e+00	4.4547129906275821e-03	7.1241723543725413e-04
8.2254409790039062e+00	4.6189088640719474e-03	4.1928932385455774e-04
8.8214874267578125e+00	4.5118310715580095e-03	1.0868365983740266e-03
9.5367431640625000e+00	6.2162392152918348e-03	1.0975949327361226e-03
1.0371208190917969e+01	4.8877772624056392e-03	1.1099766231073358e-03
1.1205673217773438e+01	4.2703578305805815e-03	1.7508620065076472e-04
1.2040138244628906e+01	5.3643351180798163e-03	5.3216835728702068e-04
1.3113021850585938e+01	4.0216412252164378e-03	2.6339918711501558e-04
1.4185905456542969e+01	4.6477768912104216e-03	4.6871963486548514e-04
1.5258789062500000e+01	3.8380732171730491e-03	3.2748768581436683e-04
1.6450881958007812e+01	4.0027270591385623e-03	5.5126270195824691e-04
1.7762184143066406e+01	3.3252791645747674e-03	2.3774386331474782e-04
1.9192695617675781e+01	4.1970568603704609e-03	3.4138397025343918e-04
2.0742416381835938e+01	3.8141349709577290e-03	3.1760623765155307e-04
2.2411346435546875e+01	3.7021525076056348e-03	2.0640657636727321e-04
2.4199485778808594e+01	3.6734143724120082e-03	3.8027891631746066e-04
2.6106834411621094e+01	3.3743945322829687e-03	4.4248163864624574e-04
2.8133392333984375e+01	2.9789109420369619e-03	3.4325943331751279e-04
3.0398368835449219e+01	3.4051075554361885e-03	3.7214786474869477e-04
3.2901763916015625e+01	2.6954125136363668e-03	2.4913309880875725e-04
3.5524368286132812e+01	2.6764661025933394e-03	2.2056676496789583e-04
3.8266181945800781e+01	2.5227278065929302e-03	1.9265831577437893e-04
4.1365623474121094e+01	2.8012487272813793e-03	2.8743338151900039e-04
4.4703483581542969e+01	2.3559016653430238e-03	2.3513130956253337e-04
4.8279762268066406e+01	2.7126711003339164e-03	1.7287194799812133e-04
5.2094459533691406e+01	2.3104643261199881e-03	1.3531038910945850e-04
5.6266784667968750e+01	2.5282661645249400e-03	1.4215345373229634e-04
6.0796737670898438e+01	2.3252630757345759e-03	1.3527608159947908e-04
6.5565109252929688e+01	2.2045203533038655e-03	1.1576194164794535e-04
7.0810317993164062e+01	2.3615802667700937e-03	1.4011036161844337e-04
7.6532363891601562e+01	2.2672363147363448e-03	1.0254629106808316e-04
8.2612037658691406e+01	2.0623887990589762e-03	1.1073069253377100e-04
8.9168548583984375e+01	1.9016635376768033e-03	1.1499142909140332e-04
9.6321105957031250e+01	1.8535963884612583e-03	7.8230893285429542e-05
1.0395050048828125e+02	1.6567380352600827e-03	9.5655511716793930e-05
1.1229515075683594e+02	1.6181104030647396e-03	6.5536203301492602e-05
1.2135505676269531e+02	1.7226846584176643e-03	5.7311094971138539e-05
1.3101100921630859e+02	1.6323925930285949e-03	7.5106487652523243e-05
1.4138221740722656e+02	1.3789393111590614e-03	6.7420037539220933e-05
1.5258789062500000e+02	1.4207168999437645e-03	6.6179894981745132e-05
1.6474723815917969e+02	1.2460183447589267e-03	4.5824810903611200e-05
1.7797946929931641e+02	1.1948048520824539e-03	4.8387419878618978e-05
1.9216537475585938e+02	1.0583232999722969e-03	4.1421451996435758e-05
2.0742416381835938e+02	9.5924152342786615e-04	3.5569095514950263e-05
2.2399425506591797e+02	8.2362089131515282e-04	2.9791473149599019e-05
2.4187564849853516e+02	8.4201374333624213e-04	2.6386670839060799e-05
2.6118755340576172e+02	6.8937856250451111e-04	2.3913000814360884e-05
2.8204917907714844e+02	6.4878845519922540e-04	1.9570067221188154e-05
3.0457973480224609e+02	5.7866091892946490e-04	1.8001356509138047e-05
3.2889842987060547e+02	5.0315426456311991e-04	1.2072354834019627e-05
3.5512447357177734e+02	4.5857557258248367e-04	1.1796771061341141e-05
3.8337707519531250e+02	3.9793592564587086e-04	1.0756370847317852e-05
4.1389465332031250e+02	3.4989545717406908e-04	7.6677740169042079e-06
4.4691562652587891e+02	3.0386796851989637e-04	7.5678168830133011e-06
4.8267841339111328e+02	2.6987082437067021e-04	5.8669382037439451e-06
5.2118301391601562e+02	2.3062189569974742e-04	5.7004531769516579e-06
5.6266784667968750e+02	2.0205344212764385e-04	4.4048401575479461e-06
6.0760974884033203e+02	1.7391739047191361e-04	3.5981778491643309e-06
6.5612792968750000e+02	1.5205444623325371e-04	2.8948670550288377e-06
7.0846080780029297e+02	1.3176384603855206e-04	2.9232560183432232e-06
7.6496601104736328e+02	1.1185390508585797e-04	1.9848435039823498e-06
8.2600116729736328e+02	9.5417977583163858e-05	1.7503658378789172e-06
8.9192390441894531e+02	8.2122551897511386e-05	1.3343333267455951e-06
9.6309185028076172e+02	7.1189930418952480e-05	1.2283327221709104e-06
1.0398626327514648e+03	6.2607426010977761e-05	9.3584761022786914e-07
1.1228322982788086e+03	5.3725748463151325e-05	7.7240358613587392e-07
1.2124776840209961e+03	4.5938735547350092e-05	6.1257965554397691e-07
1.3091564178466797e+03	3.9250185855219160e-05	5.5753868839049596e-07
1.4135837554931641e+03	3.3782872492527380e-05	4.4239970669426832e-07
1.5263557434082031e+03	2.9222146869891065e-05	4.0166909852238643e-07
1.6480684280395508e+03	2.4964231274646021e-05	3.1630608499535889e-07
1.7795562744140625e+03	2.1098118255651958e-05	2.5679982807899920e-07
1.9215345382690430e+03	1.7941366348331652e-05	2.1439961305743790e-07
2.0748376846313477e+03	1.5454066703017328e-05	1.8059110661872148e-07
2.2404193878173828e+03	1.3146500934444898e-05	1.4760567004650785e-07
2.4191141128540039e+03	1.1235804521347923e-05	1.1186673302593900e-07
2.6121139526367188e+03	9.8246935433877023e-06	9.7849646901592661e-08
2.8204917907714844e+03	8.3184517787785591e-06	7.9032942209610868e-08
3.0454397201538086e+03	7.0548047511470472e-06	6.5731234678691194e-08
3.2883882522583008e+03	6.0471507905200637e-06	5.6672458782095332e-08
3.5507678985595703e+03	5.1407940240112853e-06	4.3487000634896170e-08
3.8340091705322266e+03	4.4417661230975608e-06	3.6605938911742390e-08
4.1397809982299805e+03	3.7559219241594732e-06	2.9731985062355012e-08
4.4701099395751953e+03	3.2473978202999383e-06	2.4207263681897387e-08
4.8267841339111328e+03	2.7774781848297799e-06	2.0788606221945944e-08
5.2118301391601562e+03	2.3914329051932573e-06	1.6966966790979362e-08
5.6276321411132812e+03	2.0189633523170788e-06	1.4236326521357773e-08
6.0765743255615234e+03	1.7304168292552838e-06	1.1455610802620326e-08
6.5612792968750000e+03	1.4882425673522672e-06	9.4648588635789849e-09
7.0847272872924805e+03	1.2613742067308663e-06	7.7930027036777657e-09
7.6498985290527344e+03	1.0778386330705671e-06	6.3216244053888986e-09
8.2601308822631836e+03	9.1701163579516036e-07	5.1585287234023751e-09
8.9191198348999023e+03	7.8574207300727791e-07	4.2289179483175631e-09
9.6306800842285156e+03	6.6358688879274022e-07	3.5342621496899574e-09
1.0398983955383301e+04	5.7387297042140378e-07	2.8322255853001213e-09
1.1228442192077637e+04	4.8372733178778951e-07	2.3400004775350910e-09
1.2124180793762207e+04	4.1567709222179061e-07	1.9537751407097132e-09
1.3091444969177246e+04	3.5115951892981234e-07	1.5770803770428079e-09
1.4135718345642090e+04	3.0064902336726685e-07	1.2983563809153699e-09
1.5263438224792480e+04	2.5766370149250659e-07	1.0639587820313635e-09
1.6481161117553711e+04	2.1682254322270581e-07	8.6397003735309353e-10
1.7795920372009277e+04	1.8417085688595442e-07	7.2211632128955672e-10
1.9215583801269531e+04	1.5801854009497024e-07	5.8924848317817418e-10
2.0748496055603027e+04	1.3328536012092872e-07	4.8010880748886462e-10
2.2403717041015625e+04	1.1322879565643259e-07	3.8942282888556751e-10
2.4191021919250488e+04	9.6483632868211319e-08	3.2258468520741742e-10
2.6120781898498535e+04	8.2366277171738812e-08	2.6202363053164312e-10
2.8204560279846191e+04	6.9669812156875261e-08	2.1493590198231980e-10
3.0454635620117188e+04	5.9094224926673471e-08	1.7576282556029197e-10
3.2884120941162109e+04	5.0190603838165536e-08	1.4207599839280697e-10
3.5507440567016602e+04	4.2621429589721592e-08	1.1673949115256157e-10
3.8340091705322266e+04	3.5973627768125216e-08	9.5331538785465408e-11
4.1398644447326660e+04	3.0685494812513905e-08	7.7333149278092443e-11
4.4701218605041504e+04	2.5998572797017385e-08	6.3725588281179068e-11
4.8267364501953125e+04	2.1886133298140547e-08	5.1314677137959115e-11
5.2117824554443359e+04	1.8575910157929294e-08	4.2098377041959553e-11
5.6275486946105957e+04	1.5654958690644523e-08	3.4139259804819604e-11
6.0764908790588379e+04	1.3283754818884581e-08	2.7868573286121796e-11
6.5612435340881348e+04	1.1240280690644799e-08	2.2686111967986988e-11
7.0846676826477051e+04	9.4495019138461137e-09	1.8299159652835836e-11
7.6498508453369141e+04	7.9903344762072232e-09	1.5019629174226884e-11
8.2601189613342285e+04	6.7212039372084715e-09	1.2045847051728549e-11
8.9190721511840820e+04	5.6766152113042460e-09	9.8013257075625833e-12
9.6305966377258301e+04	4.7675837201875146e-09	7.9430704948573558e-12
1.0398876667022705e+05	4.0038343485445558e-09	6.4648890597644683e-12
1.1228442192077637e+05	3.3691870487067539e-09	5.1985617237653754e-12
1.2124192714691162e+05	2.8271949882789169e-09	4.1949829988959066e-12
1.3091409206390381e+05	2.3785606146535379e-09	3.3852713110107511e-12
1.4135777950286865e+05	1.9969356900931769e-09	2.7578059989650703e-12
1.5263462066650391e+05	1.6692694961180383e-09	2.2136810919009936e-12
1.6481113433837891e+05	1.3982364046347395e-09	1.7815346734732850e-12
1.7795896530151367e+05	1.1717964400014520e-09	1.4404697305722564e-12
1.9215559959411621e+05	9.7827762281742018e-10	1.1548633690753741e-12
2.0748484134674072e+05	8.1947231222960528e-10	9.3571473845175063e-13
2.2403705120086670e+05	6.8215870620123383e-10	7.4641596651345908e-13
2.4190962314605713e+05	5.6960274988709256e-10	5.9703149272052333e-13
2.6120793819427490e+05	4.7595516741262492e-10	4.8292045037199579e-13
2.8204584121704102e+05	3.9757726841075958e-10	3.8865419405483581e-13
3.0454611778259277e+05	3.3194521413420604e-10	3.1175025812354102e-13
3.2884132862091064e+05	2.7799194633620840e-10	2.5651193098343902e-13
3.5507464408874512e+05	2.3442353446598371e-10	2.0243725303258392e-13
3.8340079784393311e+05	1.9860838483412267e-10	1.6599202208326447e-13
4.1398668289184570e+05	1.7125602446356839e-10	1.3655102743883795e-13
4.4701254367828369e+05	1.5328575707732706e-10	1.1781865900497161e-13
4.8207950592041016e+05	1.4350249490951701e-10	1.0738550828265527e-13
