x		y		e
0.0000000000000000e+00	7.0919071991998130e+00	0.0000000000000000e+00
2.3841857910156250e-01	8.0747420659321757e-03	0.0000000000000000e+00
4.7683715820312500e-01	7.3939226202599248e-03	0.0000000000000000e+00
7.1525573730468750e-01	6.2423053579120473e-03	0.0000000000000000e+00
9.5367431640625000e-01	6.9788116287752980e-03	0.0000000000000000e+00
1.1920928955078125e+00	5.1325022543504449e-03	0.0000000000000000e+00
1.4305114746093750e+00	4.9087078954007700e-03	0.0000000000000000e+00
1.6689300537109375e+00	4.1354043503194935e-03	0.0000000000000000e+00
1.9073486328125000e+00	6.9690594788744962e-03	0.0000000000000000e+00
2.1457672119140625e+00	4.6594980629497797e-03	0.0000000000000000e+00
2.3841857910156250e+00	5.4807448904127835e-03	0.0000000000000000e+00
2.6226043701171875e+00	5.0494022406150406e-03	0.0000000000000000e+00
2.8610229492187500e+00	3.5231540774012713e-03	0.0000000000000000e+00
3.0994415283203125e+00	2.8847196771439845e-03	0.0000000000000000e+00
3.3378601074218750e+00	4.1753692020083380e-03	0.0000000000000000e+00
3.5762786865234375e+00	6.6816270584860657e-03	0.0000000000000000e+00
3.8146972656250000e+00	3.9136072313904393e-03	0.0000000000000000e+00
4.1723251342773438e+00	4.4264188520639451e-03	6.4497259140629780e-04
4.5299530029296875e+00	3.5164271848587294e-03	0.0000000000000000e+00
4.8875808715820312e+00	4.9547123672438525e-03	6.6475352479242948e-04
5.2452087402343750e+00	3.4788917692816120e-03	0.0000000000000000e+00
5.6028366088867188e+00	4.8691986344450121e-03	1.2893999134444588e-03
6.0796737670898438e+00	3.9405940074762466e-03	1.7954765405564239e-04
6.5565109252929688e+00	3.7944768787878834e-03	4.2229837298150868e-04
7.0333480834960938e+00	3.9765987684828091e-03	3.7167050961039354e-04
7.6293945312500000e+00	3.8235600447061278e-03	5.2732277704417238e-04
8.2254409790039062e+00	4.7833989675330479e-03	2.3801637645532792e-04
8.8214874267578125e+00	3.7867327559865751e-03	2.8769910678834188e-04
9.5367431640625000e+00	4.5523454140146101e-03	6.3417989864917343e-04
1.0371208190917969e+01	3.1274661333324438e-03	4.4743445921219857e-04
1.1205673217773438e+01	3.1575294029075377e-03	4.8934523403133411e-04
1.2040138244628906e+01	3.0255876325866243e-03	2.0361117158286559e-04
1.3113021850585938e+01	4.0907664416192958e-03	5.7235318005041712e-04
1.4185905456542969e+01	3.3611380959471249e-03	3.7647800917565180e-04
1.5258789062500000e+01	3.4762007960081999e-03	1.3083754284766021e-04
1.6450881958007812e+01	3.4578434424624863e-03	4.1079542384194281e-04
1.7762184143066406e+01	3.3116250807591363e-03	2.4892623025396841e-04
1.9192695617675781e+01	4.0676524755973243e-03	4.2298654149466744e-04
2.0742416381835938e+01	3.4982707130482302e-03	2.6484300420774799e-04
2.2411346435546875e+01	3.2453677710630098e-03	2.3579599447868380e-04
2.4199485778808594e+01	3.1011569517264575e-03	2.9299623280346022e-04
2.6106834411621094e+01	3.1280240969142371e-03	2.9271233249113525e-04
2.8133392333984375e+01	3.0340478267835169e-03	3.0379869553617025e-04
3.0398368835449219e+01	3.2793189414904145e-03	3.6751313699465339e-04
3.2901763916015625e+01	3.1077293083323116e-03	2.0908460300241035e-04
3.5524368286132812e+01	2.7118866081682542e-03	3.1603114009019567e-04
3.8266181945800781e+01	3.0763210322720847e-03	2.1256225887902468e-04
4.1365623474121094e+01	2.8082009703917980e-03	1.9712177185306340e-04
4.4703483581542969e+01	2.1968171867226831e-03	1.9709120278353726e-04
4.8279762268066406e+01	2.7723130220782656e-03	1.5576094803990549e-04
5.2094459533691406e+01	2.6392780891159161e-03	1.9312470424318596e-04
5.6266784667968750e+01	2.3483663845307290e-03	1.7130664868311347e-04
6.0796737670898438e+01	2.1825823657191695e-03	1.3251503597257332e-04
6.5565109252929688e+01	2.2226735743306448e-03	1.5816406815662460e-04
7.0810317993164062e+01	2.0990991621526139e-03	1.0890834486362032e-04
7.6532363891601562e+01	2.0084340217566402e-03	1.2206258035555170e-04
8.2612037658691406e+01	1.8602269576246679e-03	1.2331897810738152e-04
8.9168548583984375e+01	1.9474952981288272e-03	1.0874160234575133e-04
9.6321105957031250e+01	1.6303471761277841e-03	8.0891227242876868e-05
1.0395050048828125e+02	1.7243450522644197e-03	7.9358722388861547e-05
1.1229515075683594e+02	1.6845565106269919e-03	8.1097367086408538e-05
1.2135505676269531e+02	1.6097913759892956e-03	8.0269079201007650e-05
1.3101100921630859e+02	1.4768417594953104e-03	4.7789925211927009e-05
1.4138221740722656e+02	1.3030386946882744e-03	4.4074931872733084e-05
1.5258789062500000e+02	1.2904110517450596e-03	5.0509063595931175e-05
1.6474723815917969e+02	1.1294521675436595e-03	4.5838079166551634e-05
1.7797946929931641e+02	1.1380723563851451e-03	4.3639815854857122e-05
1.9216537475585938e+02	1.0143014329910638e-03	3.5284017798154812e-05
2.0742416381835938e+02	1.0039540136563795e-03	3.0553526277494217e-05
2.2399425506591797e+02	8.4377591947141660e-04	2.7490047825457590e-05
2.4187564849853516e+02	7.7475105776025053e-04	2.7157577595552734e-05
2.6118755340576172e+02	7.3799474116450928e-04	2.1226647381493603e-05
2.8204917907714844e+02	6.4615427356912159e-04	1.8938517385115708e-05
3.0457973480224609e+02	5.5790636524516489e-04	1.6939445249153172e-05
3.2889842987060547e+02	5.1517734106905182e-04	1.2343979319194432e-05
3.5512447357177734e+02	4.5045265739286936e-04	1.1458222825000238e-05
3.8337707519531250e+02	3.9546487306557908e-04	1.0193243497681456e-05
4.1389465332031250e+02	3.3778683899935726e-04	9.6407726482491759e-06
4.4691562652587891e+02	3.0012213176852437e-04	7.7581361393688119e-06
4.8267841339111328e+02	2.7393394167051107e-04	6.3003632565892228e-06
5.2118301391601562e+02	2.3720595922695044e-04	5.3643528470843429e-06
5.6266784667968750e+02	2.0171228891772703e-04	4.3109044270877388e-06
6.0760974884033203e+02	1.7807023770776800e-04	3.6606683292222231e-06
6.5612792968750000e+02	1.5465949802220130e-04	3.0932428400894851e-06
7.0846080780029297e+02	1.3380106366112714e-04	2.7481721211255694e-06
7.6496601104736328e+02	1.1506572528136543e-04	2.3179922578795478e-06
8.2600116729736328e+02	9.7539405885019106e-05	1.8378578841482231e-06
8.9192390441894531e+02	8.5743124723107244e-05	1.4270676010663049e-06
9.6309185028076172e+02	7.1046994140065974e-05	1.1833544032195963e-06
1.0398626327514648e+03	6.2438818823085847e-05	9.6500441565922531e-07
1.1228322982788086e+03	5.3131702383570946e-05	8.1615869452527636e-07
1.2124776840209961e+03	4.6353356163806477e-05	6.7275178984088800e-07
1.3091564178466797e+03	3.9357894790050481e-05	5.8967823286394752e-07
1.4135837554931641e+03	3.3361900235531060e-05	4.7625094360090489e-07
1.5263557434082031e+03	2.9284700662615271e-05	3.8709644687091376e-07
1.6480684280395508e+03	2.4560558140247557e-05	3.1773113594912600e-07
1.7795562744140625e+03	2.1576921344301103e-05	2.4477765565378176e-07
1.9215345382690430e+03	1.8388955322813800e-05	2.1730263501532391e-07
2.0748376846313477e+03	1.5687192944513953e-05	1.8878395670138757e-07
2.2404193878173828e+03	1.3362240480362229e-05	1.5199968475367568e-07
2.4191141128540039e+03	1.1587146695331307e-05	1.1757485827360715e-07
2.6121139526367188e+03	9.7777844385664782e-06	1.0140566247855017e-07
2.8204917907714844e+03	8.4027989430943759e-06	8.0281270658044362e-08
3.0454397201538086e+03	7.1505634024467046e-06	6.5935608882503335e-08
3.2883882522583008e+03	6.1785525643118630e-06	5.2998001931513770e-08
3.5507678985595703e+03	5.3242171348179580e-06	4.5205232350931469e-08
3.8340091705322266e+03	4.4680529759147378e-06	3.8052023928322566e-08
4.1397809982299805e+03	3.8242781865029650e-06	3.1033640537245711e-08
4.4701099395751953e+03	3.2140453413224245e-06	2.4481287333781371e-08
4.8267841339111328e+03	2.7561433450984436e-06	2.1143731553618614e-08
5.2118301391601562e+03	2.3685787256560862e-06	1.7468034622692346e-08
5.6276321411132812e+03	2.0142448585245112e-06	1.4043770484472964e-08
6.0765743255615234e+03	1.7385397079484295e-06	1.1264366925204232e-08
6.5612792968750000e+03	1.4899044138249113e-06	9.2187094643128655e-09
7.0847272872924805e+03	1.2730047709025831e-06	7.8090965119426616e-09
7.6498985290527344e+03	1.0971066030982477e-06	6.4105527381966025e-09
8.2601308822631836e+03	9.2682629387287671e-07	5.2722928331479411e-09
8.9191198348999023e+03	7.9169080457947098e-07	4.2973761520428205e-09
9.6306800842285156e+03	6.7909816815944253e-07	3.4791805105719925e-09
1.0398983955383301e+04	5.7249857122512222e-07	2.8967823968230726e-09
1.1228442192077637e+04	4.9032071412491932e-07	2.3973376608057370e-09
1.2124180793762207e+04	4.1732155553323240e-07	1.9544303783504619e-09
1.3091444969177246e+04	3.5359981969541619e-07	1.5961869001627648e-09
1.4135718345642090e+04	3.0257026715791754e-07	1.3114006358026558e-09
1.5263438224792480e+04	2.5747191261057294e-07	1.0800055738210066e-09
1.6481161117553711e+04	2.2033757227876530e-07	8.7194536844943725e-10
1.7795920372009277e+04	1.8688227597569033e-07	7.1637692816814188e-10
1.9215583801269531e+04	1.5794808468962179e-07	5.8922209682504610e-10
2.0748496055603027e+04	1.3513810270197668e-07	4.8061380022766143e-10
2.2403717041015625e+04	1.1481910848326877e-07	3.9563602153905410e-10
2.4191021919250488e+04	9.7487503039428076e-08	3.2361066724129989e-10
2.6120781898498535e+04	8.3395402829152216e-08	2.6964227661930439e-10
2.8204560279846191e+04	7.0107815813034208e-08	2.1662974141633921e-10
3.0454635620117188e+04	5.9923186091060277e-08	1.7604079868067493e-10
3.2884120941162109e+04	5.0860504414763694e-08	1.4545063828148958e-10
3.5507440567016602e+04	4.3069401017334144e-08	1.1903466075722112e-10
3.8340091705322266e+04	3.6563065266239454e-08	9.6196760585618327e-11
4.1398644447326660e+04	3.0827744594682497e-08	7.8520677487585761e-11
4.4701218605041504e+04	2.6344242546645850e-08	6.4429634499925951e-11
4.8267364501953125e+04	2.2139027126352453e-08	5.1800141651366639e-11
5.2117824554443359e+04	1.8809062166195706e-08	4.2612457699117071e-11
5.6275486946105957e+04	1.5852597649693074e-08	3.4363541772845632e-11
6.0764908790588379e+04	1.3463248613103968e-08	2.8446421296771347e-11
6.5612435340881348e+04	1.1329935182488636e-08	2.2800297536036865e-11
7.0846676826477051e+04	9.5644782577968885e-09	1.8638281945390961e-11
7.6498508453369141e+04	8.0830780485084324e-09	1.5141469968102165e-11
8.2601189613342285e+04	6.8366637704774622e-09	1.2243951228800084e-11
8.9190721511840820e+04	5.7498828946584383e-09	9.9757135476134011e-12
9.6305966377258301e+04	4.8374627845958820e-09	8.0493221123438340e-12
1.0398876667022705e+05	4.0882720541186843e-09	6.5402546670971705e-12
1.1228442192077637e+05	3.4432734271786325e-09	5.2916092647706826e-12
1.2124192714691162e+05	2.8948649914628745e-09	4.3034307979424089e-12
1.3091409206390381e+05	2.4355467331359865e-09	3.4895952533720006e-12
1.4135777950286865e+05	2.0494599168239248e-09	2.8275533828481926e-12
1.5263462066650391e+05	1.7218255442781895e-09	2.2878204651164596e-12
1.6481113433837891e+05	1.4452713675260374e-09	1.8380971162432115e-12
1.7795896530151367e+05	1.2154662574267030e-09	1.4866755861425915e-12
1.9215559959411621e+05	1.0225259860136027e-09	1.2115936853064014e-12
2.0748484134674072e+05	8.5610108708248328e-10	9.7527081557993755e-13
2.2403705120086670e+05	7.1871209652538828e-10	7.8377382634160101e-13
2.4190962314605713e+05	6.0413121824334767e-10	6.3737664120666098e-13
2.6120793819427490e+05	5.0542714493869794e-10	5.0975448228175725e-13
2.8204584121704102e+05	4.2413905406205538e-10	4.1371827117166877e-13
3.0454611778259277e+05	3.5489701033626800e-10	3.3175225400087301e-13
3.2884132862091064e+05	2.9633117584450013e-10	2.7288296223056963e-13
3.5507464408874512e+05	2.4848160530401583e-10	2.1604072221919972e-13
3.8340079784393311e+05	2.0862347393639400e-10	1.7354238591428666e-13
4.1398668289184570e+05	1.7727960441341250e-10	1.4188063916119292e-13
4.4701254367828369e+05	1.5635184126389657e-10	1.2042338086338363e-13
4.8207950592041016e+05	1.4461687861666941e-10	1.0783311179069120e-13
