x		y		e
0.0000000000000000e+00	4.9460757451769348e+00	0.0000000000000000e+00
2.3841857910156250e-01	2.0233577076012043e-02	0.0000000000000000e+00
4.7683715820312500e-01	1.9472010399816927e-02	0.0000000000000000e+00
7.1525573730468750e-01	6.3550020495763285e-03	0.0000000000000000e+00
9.5367431640625000e-01	4.4582447445948416e-03	0.0000000000000000e+00
1.1920928955078125e+00	7.3244587949275776e-03	0.0000000000000000e+00
1.4305114746093750e+00	6.1221801470674542e-03	0.0000000000000000e+00
1.6689300537109375e+00	8.4617650336462850e-03	0.0000000000000000e+00
1.9073486328125000e+00	7.1239146155397367e-03	0.0000000000000000e+00
2.1457672119140625e+00	4.9892303523261213e-03	0.0000000000000000e+00
2.3841857910156250e+00	5.9635825999347280e-03	0.0000000000000000e+00
2.6226043701171875e+00	4.8777413350087747e-03	0.0000000000000000e+00
2.8610229492187500e+00	6.3158195985724246e-03	0.0000000000000000e+00
3.0994415283203125e+00	4.5301891737484952e-03	0.0000000000000000e+00
3.3378601074218750e+00	4.7841821978173412e-03	0.0000000000000000e+00
3.5762786865234375e+00	4.9522501299752259e-03	0.0000000000000000e+00
3.8146972656250000e+00	4.6168952283534761e-03	0.0000000000000000e+00
4.1723251342773438e+00	4.3272357520483702e-03	1.0819748297064096e-03
4.5299530029296875e+00	4.9588767278667366e-03	0.0000000000000000e+00
4.8875808715820312e+00	6.2671402083488825e-03	1.0315727170396433e-03
5.2452087402343750e+00	4.5062007330574161e-03	0.0000000000000000e+00
5.6028366088867188e+00	4.4373108146449477e-03	1.9264157779144016e-03
6.0796737670898438e+00	3.7094570769347435e-03	4.7948633855119879e-04
6.5565109252929688e+00	4.2098818481453928e-03	6.3349249208920514e-04
7.0333480834960938e+00	5.1827021748743580e-03	3.3068680741104622e-05
7.6293945312500000e+00	4.6382269080075091e-03	6.8106981454523472e-04
8.2254409790039062e+00	4.1434027499529817e-03	4.6021872800156228e-04
8.8214874267578125e+00	5.4192487972542719e-03	1.2446065226520745e-03
9.5367431640625000e+00	7.5728539653068154e-03	5.2256476490336883e-04
1.0371208190917969e+01	4.1392086861884152e-03	6.6590649354265484e-04
1.1205673217773438e+01	6.1674978977347165e-03	1.0119640086486850e-03
1.2040138244628906e+01	4.6687365995662731e-03	4.8892037334817649e-04
1.3113021850585938e+01	4.2054698374474602e-03	3.8262731594172240e-04
1.4185905456542969e+01	4.8485481347518879e-03	4.3626594294237861e-04
1.5258789062500000e+01	4.8217320682327385e-03	4.7264520001991209e-04
1.6450881958007812e+01	4.1875707788005794e-03	7.1408003903737215e-04
1.7762184143066406e+01	5.6722054917746926e-03	8.2140456848443441e-04
1.9192695617675781e+01	4.2804804780274429e-03	5.6797245766819753e-04
2.0742416381835938e+01	4.4749392634148262e-03	5.0758558983497596e-04
2.2411346435546875e+01	5.0580668036457584e-03	3.3213489947296138e-04
2.4199485778808594e+01	4.4520157352912612e-03	3.4037467238854301e-04
2.6106834411621094e+01	4.3422160787500398e-03	4.9424318740489293e-04
2.8133392333984375e+01	5.3140513497856260e-03	2.9894911635507186e-04
3.0398368835449219e+01	4.4099594347897387e-03	4.3140806997978622e-04
3.2901763916015625e+01	4.6247051990329696e-03	3.4378031408837994e-04
3.5524368286132812e+01	3.8555999951165750e-03	4.1571339162778723e-04
3.8266181945800781e+01	4.3966800063251453e-03	3.4641952188110153e-04
4.1365623474121094e+01	3.9829836271334977e-03	3.7453698664621240e-04
4.4703483581542969e+01	4.3204743451153351e-03	2.9181639671634063e-04
4.8279762268066406e+01	4.0294450651759501e-03	2.5219784917498793e-04
5.2094459533691406e+01	4.0813288191626704e-03	2.9909383135429335e-04
5.6266784667968750e+01	4.0240999999134721e-03	2.3467226988117465e-04
6.0796737670898438e+01	3.7506810123026763e-03	2.2941402532790812e-04
6.5565109252929688e+01	3.3974135204821281e-03	1.7429906646948548e-04
7.0810317993164062e+01	4.0634062712371702e-03	2.2757270290837988e-04
7.6532363891601562e+01	3.6390918708812097e-03	1.9245152783960149e-04
8.2612037658691406e+01	3.2816582640750099e-03	1.3703377228803225e-04
8.9168548583984375e+01	3.7285868941973875e-03	2.6257443563728570e-04
9.6321105957031250e+01	3.7020492353051155e-03	2.3239247771978516e-04
1.0395050048828125e+02	3.2159711733193408e-03	1.3129869593731796e-04
1.1229515075683594e+02	3.2072714833987020e-03	1.5067693736559845e-04
1.2135505676269531e+02	3.2421204108584113e-03	1.2155625750798005e-04
1.3101100921630859e+02	2.8814550329432313e-03	1.1432779280760591e-04
1.4138221740722656e+02	2.9270863801901209e-03	1.2266607370864391e-04
1.5258789062500000e+02	2.4606842976537154e-03	1.1615276847963656e-04
1.6474723815917969e+02	2.6292033233935746e-03	9.9695351940122458e-05
1.7797946929931641e+02	2.2466564306357025e-03	1.0323738861843668e-04
1.9216537475585938e+02	2.2357593831861624e-03	7.8633623632476529e-05
2.0742416381835938e+02	2.0356469782276841e-03	7.8974291160664243e-05
2.2399425506591797e+02	1.8017947728713288e-03	6.5917004221813152e-05
2.4187564849853516e+02	1.6197705418252806e-03	5.4804341765917710e-05
2.6118755340576172e+02	1.4932972803300237e-03	4.8384289037672143e-05
2.8204917907714844e+02	1.3979406049567033e-03	4.6635147470166825e-05
3.0457973480224609e+02	1.1737102827984042e-03	3.4566117863788906e-05
3.2889842987060547e+02	1.0930685191764609e-03	2.9038423151026123e-05
3.5512447357177734e+02	9.6486288209348531e-04	2.3846901747058411e-05
3.8337707519531250e+02	8.0894641387107343e-04	2.1008133410779995e-05
4.1389465332031250e+02	7.9784219089411713e-04	2.0410459630431059e-05
4.4691562652587891e+02	6.7006738387560090e-04	1.6750813471881162e-05
4.8267841339111328e+02	5.5642178521916040e-04	1.3443085830273168e-05
5.2118301391601562e+02	4.7685355741631938e-04	1.1383074547556356e-05
5.6266784667968750e+02	4.4547051399658483e-04	1.0324795594279809e-05
6.0760974884033203e+02	3.7511995475221109e-04	7.6375356806643262e-06
6.5612792968750000e+02	3.1797665711103044e-04	6.2070905139991508e-06
7.0846080780029297e+02	2.7467313472489668e-04	5.5433832910281221e-06
7.6496601104736328e+02	2.4142954918096078e-04	4.3824711603605391e-06
8.2600116729736328e+02	2.0923690262383138e-04	3.8051378435494173e-06
8.9192390441894531e+02	1.8239266624336801e-04	2.9460888257941756e-06
9.6309185028076172e+02	1.5770871897135622e-04	2.6859221197900897e-06
1.0398626327514648e+03	1.3371178252389188e-04	2.1175295527846876e-06
1.1228322982788086e+03	1.1520647617674258e-04	1.8018240288585564e-06
1.2124776840209961e+03	9.9068045972316836e-05	1.3926650496116344e-06
1.3091564178466797e+03	8.4313412269996385e-05	1.2007966203380541e-06
1.4135837554931641e+03	7.2380951066887566e-05	1.0493923297825721e-06
1.5263557434082031e+03	6.1980129138046894e-05	8.1756036690336977e-07
1.6480684280395508e+03	5.3857660494883053e-05	7.1360459565574694e-07
1.7795562744140625e+03	4.5816237928220593e-05	5.8656484868711523e-07
1.9215345382690430e+03	3.9664589025424070e-05	4.8098783002540499e-07
2.0748376846313477e+03	3.4011422918397145e-05	3.8173537409634796e-07
2.2404193878173828e+03	2.9021314249231839e-05	3.0829291311634214e-07
2.4191141128540039e+03	2.4693797429210269e-05	2.6839483924581909e-07
2.6121139526367188e+03	2.1001845250101242e-05	2.1833329306163502e-07
2.8204917907714844e+03	1.8171787931850207e-05	1.7448191939391991e-07
3.0454397201538086e+03	1.5483239113697833e-05	1.4671621887797212e-07
3.2883882522583008e+03	1.3302960379452382e-05	1.1783048420129624e-07
3.5507678985595703e+03	1.1463315053586793e-05	9.8447940046308605e-08
3.8340091705322266e+03	9.6037820310166849e-06	7.9048712992702546e-08
4.1397809982299805e+03	8.3194795404387076e-06	6.7117832606376638e-08
4.4701099395751953e+03	7.1234655437667009e-06	5.3855304549963311e-08
4.8267841339111328e+03	6.0015201178704620e-06	4.4620595535213292e-08
5.2118301391601562e+03	5.1907446006987473e-06	3.7468492012610024e-08
5.6276321411132812e+03	4.4166255452717155e-06	3.1337522505788035e-08
6.0765743255615234e+03	3.8102114698513405e-06	2.5159185958680195e-08
6.5612792968750000e+03	3.2146409426150134e-06	2.0392421083858571e-08
7.0847272872924805e+03	2.7662037583339844e-06	1.7028376029455719e-08
7.6498985290527344e+03	2.3373142614753553e-06	1.3712983693397280e-08
8.2601308822631836e+03	1.9971180882114498e-06	1.1579504392855465e-08
8.9191198348999023e+03	1.7015227145812945e-06	9.2981149071172905e-09
9.6306800842285156e+03	1.4611466542895848e-06	7.7953476502688209e-09
1.0398983955383301e+04	1.2334475107079941e-06	6.1778408240761816e-09
1.1228442192077637e+04	1.0614223691273061e-06	5.2076914791996008e-09
1.2124180793762207e+04	8.9782220965395104e-07	4.2151055998041069e-09
1.3091444969177246e+04	7.6383490910864362e-07	3.4762626056723312e-09
1.4135718345642090e+04	6.5326096804234215e-07	2.8290995381372146e-09
1.5263438224792480e+04	5.5696022258548870e-07	2.2994911261901531e-09
1.6481161117553711e+04	4.7318688274830632e-07	1.8992648701918111e-09
1.7795920372009277e+04	4.0412095257606569e-07	1.5665661756359949e-09
1.9215583801269531e+04	3.4271394095767782e-07	1.2647572294249920e-09
2.0748496055603027e+04	2.8959289809326332e-07	1.0447072011770974e-09
2.2403717041015625e+04	2.4891066588318940e-07	8.5230452277752796e-10
2.4191021919250488e+04	2.1124574887053083e-07	7.0610825968531129e-10
2.6120781898498535e+04	1.7902808663224652e-07	5.7117433188407503e-10
2.8204560279846191e+04	1.5193368228864220e-07	4.6722995422160221e-10
3.0454635620117188e+04	1.2953558111730363e-07	3.8321940224149683e-10
3.2884120941162109e+04	1.0956366901504379e-07	3.1233091340114077e-10
3.5507440567016602e+04	9.2743056039168766e-08	2.5631999959261577e-10
3.8340091705322266e+04	7.8704878778444544e-08	2.0718619878495048e-10
4.1398644447326660e+04	6.6723901960669029e-08	1.7051421602996130e-10
4.4701218605041504e+04	5.6656319440248372e-08	1.3789079507572898e-10
4.8267364501953125e+04	4.7713943375721241e-08	1.1139416791612234e-10
5.2117824554443359e+04	4.0494258474585130e-08	9.1401689808211838e-11
5.6275486946105957e+04	3.4222445668539289e-08	7.4636479876125190e-11
6.0764908790588379e+04	2.8870476038386355e-08	6.0458726652585951e-11
6.5612435340881348e+04	2.4367670686309495e-08	4.8895862875553440e-11
7.0846676826477051e+04	2.0624369115829719e-08	4.0035132415862706e-11
7.6498508453369141e+04	1.7341215106628149e-08	3.2595692930296900e-11
8.2601189613342285e+04	1.4691449763017987e-08	2.6261374243547104e-11
8.9190721511840820e+04	1.2340037158787589e-08	2.1314676867143931e-11
9.6305966377258301e+04	1.0436718653463963e-08	1.7509085182400668e-11
1.0398876667022705e+05	8.7499816235385986e-09	1.4070857491116085e-11
1.1228442192077637e+05	7.3655032853944770e-09	1.1325236589554940e-11
1.2124192714691162e+05	6.1814330357999203e-09	9.1860668490912569e-12
1.3091409206390381e+05	5.2066649294238407e-09	7.4701025408385794e-12
1.4135777950286865e+05	4.3723623857478393e-09	6.0357613387571098e-12
1.5263462066650391e+05	3.6646121439063512e-09	4.8474505138190455e-12
1.6481113433837891e+05	3.0741320773627453e-09	3.9203691784738994e-12
1.7795896530151367e+05	2.5690957570635501e-09	3.1435595470813790e-12
1.9215559959411621e+05	2.1572036642243875e-09	2.5564791095647620e-12
2.0748484134674072e+05	1.8068139332143714e-09	2.0593275846976782e-12
2.2403705120086670e+05	1.5078120909149441e-09	1.6474619922027866e-12
2.4190962314605713e+05	1.2636106370886709e-09	1.3345853791604101e-12
2.6120793819427490e+05	1.0516688990818072e-09	1.0661246174936023e-12
2.8204584121704102e+05	8.7892150219105272e-10	8.5956344496563086e-13
3.0454611778259277e+05	7.3051758203542498e-10	6.8623587050403462e-13
3.2884132862091064e+05	6.0672739183142843e-10	5.4922064975314468e-13
3.5507464408874512e+05	5.0661377368908772e-10	4.3992278936675843e-13
3.8340079784393311e+05	4.2273042990648098e-10	3.5256107105019529e-13
4.1398668289184570e+05	3.5753478394594383e-10	2.8624323505505348e-13
4.4701254367828369e+05	3.1236578896497076e-10	2.3945472371886177e-13
4.8207950592041016e+05	2.8813317487855866e-10	2.1547317543220639e-13
