x		y		e
4.9999999999999998e-07	8.3911669621311557e+08	4.4050891512216312e+08
1.9999999999999999e-06	8.1647633853943229e+07	0.0000000000000000e+00
3.0000000000000001e-06	6.0575467910605870e+07	0.0000000000000000e+00
3.9999999999999998e-06	3.6902967664391726e+07	0.0000000000000000e+00
4.9999999999999996e-06	2.6663387534346864e+07	0.0000000000000000e+00
6.0000000000000002e-06	1.9966567856237821e+07	0.0000000000000000e+00
6.9999999999999999e-06	1.5755237182327788e+07	0.0000000000000000e+00
7.9999999999999996e-06	1.2982573416221214e+07	0.0000000000000000e+00
9.0000000000000002e-06	1.0525160473536935e+07	0.0000000000000000e+00
9.9999999999999991e-06	8.4779290361457877e+06	0.0000000000000000e+00
1.1000000000000000e-05	7.5484207767689060e+06	0.0000000000000000e+00
1.2000000000000000e-05	5.9579626072050780e+06	0.0000000000000000e+00
1.2999999999999999e-05	5.5381146504297825e+06	0.0000000000000000e+00
1.4000000000000000e-05	4.7298650404189918e+06	0.0000000000000000e+00
1.4999999999999999e-05	4.1390546510280082e+06	0.0000000000000000e+00
1.6500000000000001e-05	3.0944799094737582e+06	1.4219500284086660e+05
1.8000000000000000e-05	2.5411462692841822e+06	0.0000000000000000e+00
1.8999999999999998e-05	2.4703765177799272e+06	0.0000000000000000e+00
2.0499999999999997e-05	2.3058645919215456e+06	1.3663891574924366e+05
2.2499999999999998e-05	1.5200559934655561e+06	1.7529208090539780e+05
2.4499999999999999e-05	1.3675794396077627e+06	4.3828654567600570e+03
2.6500000000000000e-05	6.7704881401756185e+05	9.1798586399074513e+04
2.8500000000000002e-05	6.4507951535110082e+05	1.9661867634201417e+05
3.0499999999999999e-05	4.8545080885355640e+05	1.0124331744864186e+05
3.2999999999999996e-05	3.5035681521923630e+05	3.9374163079152757e+04
3.5499999999999996e-05	1.1515411780916544e+05	4.3192394449448067e+05
3.7999999999999995e-05	-1.7429667387476415e+05	4.0845459081087603e+04
4.0999999999999994e-05	-1.8825323889073016e+05	1.1018068235926623e+05
4.4500000000000004e-05	-4.9938617702482350e+05	1.6727527510669982e+05
4.8500000000000000e-05	-6.4897804157925409e+05	1.0858526151432504e+05
5.2500000000000002e-05	-6.9246676189721283e+05	7.9543686373386518e+04
5.6499999999999998e-05	-8.8703424120824574e+05	5.6161136230670498e+04
6.0999999999999999e-05	-9.3918496750665864e+05	8.8243112102856103e+04
6.6000000000000005e-05	-1.1559049768708195e+06	6.3900380614816720e+04
7.0999999999999991e-05	-8.5811776325634657e+05	6.5820784673760762e+04
7.6500000000000003e-05	-1.1717487002111659e+06	5.8219242139357608e+04
8.2500000000000000e-05	-1.2296852115723207e+06	6.8834834402323599e+04
8.8999999999999995e-05	-1.2845768168429413e+06	5.5167818617560544e+04
9.5999999999999989e-05	-1.1874141537639562e+06	7.7984373931376205e+04
1.0349999999999999e-04	-1.3481142603996661e+06	4.8061702091322921e+04
1.1199999999999997e-04	-1.2813070378949621e+06	3.0721177655786742e+04
1.2099999999999999e-04	-1.1801538115710758e+06	4.9319471356838665e+04
1.3050000000000000e-04	-1.2383827758350433e+06	4.3790614898395514e+04
1.4100000000000001e-04	-1.3340895544382273e+06	4.7176258556753128e+04
1.5249999999999999e-04	-1.3248982899553536e+06	5.5859035164659399e+04
1.6500000000000003e-04	-1.1851782851230577e+06	6.0815348719053050e+04
1.7800000000000002e-04	-1.2689828492194335e+06	6.5774822159182164e+04
1.9200000000000000e-04	-1.2671812617085038e+06	8.1628784929920206e+04
2.0750000000000000e-04	-1.3021286726593485e+06	6.7577535488972921e+04
2.2400000000000000e-04	-1.2818247139926066e+06	5.8250142286103241e+04
2.4200000000000003e-04	-1.2730839767450970e+06	5.2327997024301214e+04
2.6150000000000001e-04	-1.1522554269501134e+06	3.4531068539493855e+04
2.8200000000000002e-04	-1.1949480262070245e+06	5.4883320939883095e+04
3.0450000000000003e-04	-1.1356155665913250e+06	3.6139520244746818e+04
3.2899999999999992e-04	-1.1217702564874927e+06	3.4048419200349446e+04
3.5500000000000001e-04	-1.0567193277047533e+06	3.1584647303577887e+04
3.8350000000000000e-04	-1.1874458480948859e+06	6.3443799181161652e+04
4.1399999999999998e-04	-9.9302507876744261e+05	2.6485629669151913e+04
4.4699999999999997e-04	-9.8780558441567246e+05	3.4294367587461202e+04
4.8299999999999992e-04	-1.0229082420661659e+06	3.4088903084257217e+04
5.2150000000000005e-04	-8.7514960588706215e+05	2.7498273858721463e+04
5.6300000000000002e-04	-9.2637078124362975e+05	2.9346090595785219e+04
6.0749999999999997e-04	-8.1960327701416041e+05	2.4128485811255407e+04
6.5600000000000001e-04	-8.2575363958712795e+05	2.6550709896921740e+04
7.0849999999999982e-04	-7.9295729768939817e+05	2.2767675509226603e+04
7.6500000000000005e-04	-7.4619801807839819e+05	2.5725445818129825e+04
8.2599999999999969e-04	-6.8289283269446786e+05	2.2919332519591124e+04
8.9200000000000011e-04	-5.8421799387389689e+05	2.2968560191503431e+04
9.6299999999999966e-04	-4.9888273124434473e+05	2.0933819252385467e+04
1.0394999999999998e-03	-5.4903940567330900e+05	2.0997227157785579e+04
1.1225000000000000e-03	-4.7494938847941748e+05	2.7885534681819248e+04
1.2120000000000000e-03	-4.6581140623678517e+05	2.4144186577766530e+04
1.3090000000000003e-03	-4.1751863677784090e+05	1.7039701642441229e+04
1.4134999999999998e-03	-3.5118843545110780e+05	2.2147807521234699e+04
1.5259999999999998e-03	-3.4001933170748386e+05	1.7308527593895211e+04
1.6480000000000006e-03	-3.0625527003156458e+05	1.6812715913137032e+04
1.7795000000000005e-03	-1.7473556909129882e+05	1.7232368171982478e+04
1.9215000000000002e-03	-2.2214484198818772e+05	1.8574542335083534e+04
2.0749999999999996e-03	-1.1012180586373368e+05	1.6581324553833543e+04
2.2404999999999999e-03	-1.3862888835589329e+05	1.4869405916457834e+04
2.4190000000000001e-03	-6.6259642991910849e+04	1.5326788725835708e+04
2.6119999999999997e-03	-1.2612336209881683e+05	1.3026484693213697e+04
2.8204999999999997e-03	-5.0966759163157818e+04	1.4009643984543651e+04
3.0455000000000000e-03	-4.0970960989721229e+04	1.3617821093339682e+04
3.2885000000000002e-03	-5.6783444499866324e+04	1.3396161260833613e+04
3.5504999999999998e-03	-2.0414549794580929e+04	1.2390116736602657e+04
3.8339999999999997e-03	-3.9175625428530911e+04	1.1066236376373921e+04
4.1399999999999996e-03	-1.8379454986961216e+04	1.1219934389248132e+04
4.4700000000000000e-03	-6.9532847379097611e+03	1.0465451809024686e+04
4.8205000000000019e-03	3.1889458251118478e+04	1.0696890483840969e+04
