x		y		e
4.9999999999999998e-07	2.9453400628740863e-04	2.9453400628740863e-04
1.9999999999999999e-06	1.5350175989945454e-03	0.0000000000000000e+00
3.0000000000000001e-06	2.5657766961333390e-03	0.0000000000000000e+00
3.9999999999999998e-06	3.6499961430395780e-03	0.0000000000000000e+00
4.9999999999999996e-06	4.7679277338537780e-03	0.0000000000000000e+00
6.0000000000000002e-06	5.9100306979694003e-03	0.0000000000000000e+00
6.9999999999999999e-06	7.0705467419250366e-03	0.0000000000000000e+00
7.9999999999999996e-06	8.2453746307795638e-03	0.0000000000000000e+00
9.0000000000000002e-06	9.4317254373346027e-03	0.0000000000000000e+00
9.9999999999999991e-06	1.0627761833003234e-02	0.0000000000000000e+00
1.1000000000000000e-05	1.1831642264750239e-02	0.0000000000000000e+00
1.2000000000000000e-05	1.3042882039402712e-02	0.0000000000000000e+00
1.2999999999999999e-05	1.4259753243096451e-02	0.0000000000000000e+00
1.4000000000000000e-05	1.5482009786165133e-02	0.0000000000000000e+00
1.4999999999999999e-05	1.6708977232160332e-02	0.0000000000000000e+00
1.6500000000000001e-05	1.8557482734604527e-02	6.1735540219580811e-04
1.8000000000000000e-05	2.0412455002731086e-02	0.0000000000000000e+00
1.8999999999999998e-05	2.1652539189955248e-02	0.0000000000000000e+00
2.0499999999999997e-05	2.3517309113975697e-02	6.2226811182028647e-04
2.2499999999999998e-05	2.6010030406824598e-02	6.2411964843892464e-04
2.4499999999999999e-05	2.8509507588202927e-02	6.2547831040965865e-04
2.6500000000000000e-05	3.1013623169415666e-02	6.2642201765289397e-04
2.8500000000000002e-05	3.3520950485857084e-02	6.2727862730944516e-04
3.0499999999999999e-05	3.6031430226246754e-02	6.2791795583059639e-04
3.2999999999999996e-05	3.9171823979368463e-02	7.2534508134284215e-04
3.5499999999999996e-05	4.2313184440884707e-02	6.2813222868283807e-04
3.7999999999999995e-05	4.5454369382977394e-02	7.2531097326296160e-04
4.0999999999999994e-05	4.9221574349734752e-02	7.2460864607695155e-04
4.4500000000000004e-05	5.3612007860875388e-02	8.0949740825074425e-04
4.8500000000000000e-05	5.8625674877030375e-02	8.0853647718309436e-04
5.2500000000000002e-05	6.3631181896693118e-02	8.0692536771785552e-04
5.6499999999999998e-05	6.8625682081953798e-02	8.0512202909645400e-04
6.0999999999999999e-05	7.4230985205661501e-02	8.7968346936021533e-04
6.6000000000000005e-05	8.0442494720299004e-02	8.7734097135720290e-04
7.0999999999999991e-05	8.6638205565232274e-02	8.7486537487083517e-04
7.6500000000000003e-05	9.3431037547733561e-02	9.4169879724284730e-04
8.2500000000000000e-05	1.0081339729636597e-01	9.3767083727765372e-04
8.8999999999999995e-05	1.0877158856960599e-01	9.9696108091054843e-04
9.5999999999999989e-05	1.1729692756893910e-01	9.9189971226793894e-04
1.0349999999999999e-04	1.2637746565846078e-01	1.0452429213850360e-03
1.1199999999999997e-04	1.3659639038741780e-01	1.0935878417452671e-03
1.2099999999999999e-04	1.4734286015342821e-01	1.0864853911492938e-03
1.3050000000000000e-04	1.5859925994722551e-01	1.1294806285531986e-03
1.4100000000000001e-04	1.7092944065807655e-01	1.1690675426589399e-03
1.5249999999999999e-04	1.8430651070601531e-01	1.2049886785840773e-03
1.6500000000000003e-04	1.9870018868568093e-01	1.2369848317878088e-03
1.7800000000000002e-04	2.1349829696188391e-01	1.2217383255036071e-03
1.9200000000000000e-04	2.2922332623340846e-01	1.2887132199664666e-03
2.0750000000000000e-04	2.4640330083838258e-01	1.3098259019312156e-03
2.2400000000000000e-04	2.6441298359818838e-01	1.3261528808401800e-03
2.4200000000000003e-04	2.8370570929151695e-01	1.3701177342169194e-03
2.6150000000000001e-04	3.0419297248144367e-01	1.3767567270304079e-03
2.8200000000000002e-04	3.2531071246394544e-01	1.3805513580497527e-03
3.0450000000000003e-04	3.4795721132414775e-01	1.4344215808769377e-03
3.2899999999999992e-04	3.7198436504796206e-01	1.4257755376226172e-03
3.5500000000000001e-04	3.9683398461953412e-01	1.4403893369208092e-03
3.8350000000000000e-04	4.2331556565280243e-01	1.4722133030646879e-03
4.1399999999999998e-04	4.5081813858869862e-01	1.4500528089122734e-03
4.4699999999999997e-04	4.7960989318214309e-01	1.4840782695478437e-03
4.8299999999999992e-04	5.0988199769379672e-01	1.4698560297968424e-03
5.2150000000000005e-04	5.4101014582305851e-01	1.4614617155628417e-03
5.6300000000000002e-04	5.7306436044450648e-01	1.4463977193838367e-03
6.0749999999999997e-04	6.0595616593265045e-01	1.4323915371246161e-03
6.5600000000000001e-04	6.4018190889369286e-01	1.4349926121753997e-03
7.0849999999999982e-04	6.7549356303194208e-01	1.4023277338360992e-03
7.6500000000000005e-04	7.1139819160259199e-01	1.3832232703535469e-03
8.2599999999999969e-04	7.4810507505465385e-01	1.3502372054151207e-03
8.9200000000000011e-04	7.8534349813978166e-01	1.3129379110235933e-03
9.6299999999999966e-04	8.2242385096612547e-01	1.2493063629099145e-03
1.0394999999999998e-03	8.5926077445222560e-01	1.1962843076702939e-03
1.1225000000000000e-03	8.9588184249652791e-01	1.1408790219882186e-03
1.2120000000000000e-03	9.3202294937819563e-01	1.0770956318039003e-03
1.3090000000000003e-03	9.6735668329892199e-01	1.0075991786411131e-03
1.4134999999999998e-03	1.0015204060862954e+00	9.3116628439422853e-04
1.5259999999999998e-03	1.0342758957324587e+00	8.6416384163906198e-04
1.6480000000000006e-03	1.0660666174948958e+00	8.0323287668435431e-04
1.7795000000000005e-03	1.0962869937780624e+00	7.2702834428644766e-04
1.9215000000000002e-03	1.1250089765184006e+00	6.7015817220081135e-04
2.0749999999999996e-03	1.1523361124686322e+00	6.0735668133064477e-04
2.2404999999999999e-03	1.1776121720001571e+00	5.2991000000131544e-04
2.4190000000000001e-03	1.2001152875056693e+00	4.5358329316062151e-04
2.6119999999999997e-03	1.2203340341883639e+00	3.9440420302666574e-04
2.8204999999999997e-03	1.2391131349444693e+00	3.5323969064021059e-04
3.0455000000000000e-03	1.2561010594554931e+00	3.0460452524627859e-04
3.2885000000000002e-03	1.2714756460740917e+00	2.6306738375025588e-04
3.5504999999999998e-03	1.2846204290771353e+00	2.1518856734530108e-04
3.8339999999999997e-03	1.2952617962095039e+00	1.6112119946371412e-04
4.1399999999999996e-03	1.3040541868312170e+00	1.2808588417654630e-04
4.4700000000000000e-03	1.3112634524226225e+00	1.0959454489732944e-04
4.8205000000000019e-03	1.3172650166125934e+00	8.1504508367586103e-05
