x		y		e
0.0000000000000000e+00	6.3489856933453988e+00	0.0000000000000000e+00
2.3841857910156250e-01	9.2360374535363030e-03	0.0000000000000000e+00
4.7683715820312500e-01	1.1480415744721922e-02	0.0000000000000000e+00
7.1525573730468750e-01	6.9996647835055617e-03	0.0000000000000000e+00
9.5367431640625000e-01	6.6195376753944444e-03	0.0000000000000000e+00
1.1920928955078125e+00	7.4620930032654881e-03	0.0000000000000000e+00
1.4305114746093750e+00	7.6748689429376946e-03	0.0000000000000000e+00
1.6689300537109375e+00	7.7251087387531121e-03	0.0000000000000000e+00
1.9073486328125000e+00	1.1990268457311779e-02	0.0000000000000000e+00
2.1457672119140625e+00	1.1146078257272934e-02	0.0000000000000000e+00
2.3841857910156250e+00	4.0106266049675003e-03	0.0000000000000000e+00
2.6226043701171875e+00	1.0352962705612612e-02	0.0000000000000000e+00
2.8610229492187500e+00	1.0074101133470724e-02	0.0000000000000000e+00
3.0994415283203125e+00	6.2181437880657877e-03	0.0000000000000000e+00
3.3378601074218750e+00	8.4247609048422999e-03	0.0000000000000000e+00
3.5762786865234375e+00	4.8291936105274219e-03	0.0000000000000000e+00
3.8146972656250000e+00	7.6556755814022126e-03	0.0000000000000000e+00
4.1723251342773438e+00	6.3762696138309725e-03	8.4050333610802069e-04
4.5299530029296875e+00	9.2407096209756526e-03	0.0000000000000000e+00
4.8875808715820312e+00	6.7165858644124849e-03	8.4651966492860025e-04
5.2452087402343750e+00	8.9239723691010697e-03	0.0000000000000000e+00
5.6028366088867188e+00	1.0003540376294237e-02	1.3779147869777831e-03
6.0796737670898438e+00	8.4445096481153593e-03	2.2511524990494912e-03
6.5565109252929688e+00	9.3079923605294008e-03	1.0230115069863532e-03
7.0333480834960938e+00	7.0971859628436145e-03	1.6969371080581958e-03
7.6293945312500000e+00	7.9813629755671710e-03	9.5117045876469018e-04
8.2254409790039062e+00	8.6510670481164745e-03	1.5171057602985187e-03
8.8214874267578125e+00	9.4117877988715241e-03	9.7865302803942312e-04
9.5367431640625000e+00	7.8966010170035822e-03	1.4497629026273642e-03
1.0371208190917969e+01	9.3146035347248333e-03	2.0687575755439168e-03
1.1205673217773438e+01	8.5423244974195834e-03	1.3306929276757585e-03
1.2040138244628906e+01	7.5135158482612947e-03	1.0182428828283681e-03
1.3113021850585938e+01	7.9289862714499691e-03	9.7972579612497224e-04
1.4185905456542969e+01	9.2689527285603982e-03	2.2398595186058699e-03
1.5258789062500000e+01	8.4230418645229906e-03	1.2566350315429162e-03
1.6450881958007812e+01	7.2908279553679997e-03	6.6262774070121298e-04
1.7762184143066406e+01	7.7375322425686476e-03	9.8579544747434016e-04
1.9192695617675781e+01	8.0707759973448270e-03	8.6513080144206352e-04
2.0742416381835938e+01	7.4511952487264265e-03	1.0641258231044155e-03
2.2411346435546875e+01	7.5006063285458944e-03	7.9996285616730761e-04
2.4199485778808594e+01	6.2030143071777578e-03	7.6349639438177681e-04
2.6106834411621094e+01	6.0155382046277297e-03	7.8894523129932918e-04
2.8133392333984375e+01	6.5912970368343675e-03	8.4109868050722552e-04
3.0398368835449219e+01	6.7823370841720134e-03	6.4356649025485129e-04
3.2901763916015625e+01	6.8573863851650960e-03	6.4945612404778276e-04
3.5524368286132812e+01	5.8854221252540384e-03	3.2902705512489881e-04
3.8266181945800781e+01	5.4937838140752815e-03	4.6393542253682265e-04
4.1365623474121094e+01	5.9138722036982888e-03	4.3407603044061588e-04
4.4703483581542969e+01	5.3922424668967229e-03	5.0370539058144264e-04
4.8279762268066406e+01	5.6721995956114579e-03	4.2069732825673173e-04
5.2094459533691406e+01	5.1672618289077899e-03	3.5909637088016771e-04
5.6266784667968750e+01	4.6820127878021310e-03	2.8245389206887396e-04
6.0796737670898438e+01	5.3603946119998745e-03	3.7503358260128437e-04
6.5565109252929688e+01	4.8605216591196248e-03	3.1779003590988426e-04
7.0810317993164062e+01	4.5038370121825251e-03	2.3037881991486432e-04
7.6532363891601562e+01	4.4617772851615108e-03	2.1798066112791180e-04
8.2612037658691406e+01	3.7936008676800080e-03	2.0164921304290984e-04
8.9168548583984375e+01	3.3249544481876335e-03	1.8232554262448156e-04
9.6321105957031250e+01	3.3548167184120391e-03	1.9488522424333975e-04
1.0395050048828125e+02	3.3100628336032241e-03	1.4350772314811294e-04
1.1229515075683594e+02	3.2962346827777782e-03	1.3381419138148355e-04
1.2135505676269531e+02	3.1919969893817704e-03	1.6849794784107942e-04
1.3101100921630859e+02	3.0707831857514243e-03	1.3194443012313719e-04
1.4138221740722656e+02	2.5843057809746073e-03	1.2356951760923401e-04
1.5258789062500000e+02	2.7477723546206383e-03	1.2121116205891975e-04
1.6474723815917969e+02	2.4472250542983591e-03	9.1429163467212878e-05
1.7797946929931641e+02	2.2931954552579928e-03	8.6782507070240177e-05
1.9216537475585938e+02	2.1836368464924994e-03	8.3731201985507355e-05
2.0742416381835938e+02	2.2790591154345794e-03	8.3791528525092680e-05
2.2399425506591797e+02	1.9672607172151555e-03	6.5917339446329686e-05
2.4187564849853516e+02	1.9224005557393943e-03	6.5118736933830632e-05
2.6118755340576172e+02	1.8751669440489008e-03	6.2634316805878037e-05
2.8204917907714844e+02	1.6595580955673019e-03	4.5298405674083687e-05
3.0457973480224609e+02	1.6832244351292823e-03	4.5914931484019923e-05
3.2889842987060547e+02	1.5823244814765530e-03	4.9417387782604785e-05
3.5512447357177734e+02	1.3320325763081073e-03	3.3224586144906157e-05
3.8337707519531250e+02	1.2871029817752354e-03	3.5473558293074359e-05
4.1389465332031250e+02	1.1411638803875061e-03	2.6190109225339227e-05
4.4691562652587891e+02	1.0536905658296864e-03	2.7302594606325722e-05
4.8267841339111328e+02	9.8043522760069175e-04	2.2703432905084944e-05
5.2118301391601562e+02	8.1947395422154665e-04	1.6629265111681197e-05
5.6266784667968750e+02	7.6218041543435814e-04	1.6249290759248973e-05
6.0760974884033203e+02	6.7708098209853416e-04	1.4163842593374289e-05
6.5612792968750000e+02	6.0959438673308618e-04	1.2930919341354888e-05
7.0846080780029297e+02	5.3039653369979652e-04	9.7996417359511431e-06
7.6496601104736328e+02	4.8028561510733795e-04	9.0892646325664270e-06
8.2600116729736328e+02	3.9281101620953135e-04	6.5697856675700531e-06
8.9192390441894531e+02	3.5218314091926524e-04	5.9437238240728859e-06
9.6309185028076172e+02	3.1005946459248146e-04	5.3334092910030540e-06
1.0398626327514648e+03	2.6872345247328612e-04	4.2717969624756726e-06
1.1228322982788086e+03	2.3121451804381898e-04	3.5102472714273924e-06
1.2124776840209961e+03	2.0021570214963480e-04	2.9950059043101123e-06
1.3091564178466797e+03	1.7422323606411060e-04	2.5001170037010586e-06
1.4135837554931641e+03	1.5348845193995209e-04	2.0552275760089255e-06
1.5263557434082031e+03	1.2874957375579778e-04	1.6153653872224086e-06
1.6480684280395508e+03	1.1161834975632369e-04	1.4152738368238619e-06
1.7795562744140625e+03	9.5908323632469528e-05	1.2446042760604826e-06
1.9215345382690430e+03	8.2425644399668335e-05	9.4827064135246216e-07
2.0748376846313477e+03	7.2031294854563903e-05	8.2580462213066757e-07
2.2404193878173828e+03	6.1156518232421991e-05	6.7214569980036859e-07
2.4191141128540039e+03	5.2554832575441510e-05	5.7568189949955392e-07
2.6121139526367188e+03	4.4984073511454223e-05	4.3232611448171885e-07
2.8204917907714844e+03	3.7986785342466892e-05	3.5502828529199846e-07
3.0454397201538086e+03	3.2949358695287983e-05	3.0831822101913522e-07
3.2883882522583008e+03	2.8217644565728372e-05	2.5220245628824109e-07
3.5507678985595703e+03	2.4580865052622882e-05	2.1481102743949905e-07
3.8340091705322266e+03	2.0551687626962261e-05	1.6642885762101385e-07
4.1397809982299805e+03	1.7962810728641418e-05	1.4497192839108240e-07
4.4701099395751953e+03	1.5241220388315474e-05	1.1798922525666322e-07
4.8267841339111328e+03	1.3036227750416715e-05	9.5771737779993020e-08
5.2118301391601562e+03	1.1178758001752071e-05	8.1521808098430945e-08
5.6276321411132812e+03	9.4691020344538014e-06	6.5573342814094242e-08
6.0765743255615234e+03	8.1153669064765732e-06	5.4247932441417134e-08
6.5612792968750000e+03	6.9683542097693502e-06	4.4489768678642052e-08
7.0847272872924805e+03	5.9272057648909464e-06	3.5968361113735826e-08
7.6498985290527344e+03	5.0558070108288867e-06	3.0017122727984051e-08
8.2601308822631836e+03	4.3803859009144751e-06	2.5132377853023403e-08
8.9191198348999023e+03	3.7078486770132372e-06	2.0494195834763573e-08
9.6306800842285156e+03	3.1707860422590902e-06	1.6651684216937060e-08
1.0398983955383301e+04	2.7238100127494632e-06	1.4085699729866810e-08
1.1228442192077637e+04	2.3255535198177471e-06	1.1382107352399104e-08
1.2124180793762207e+04	1.9698463256149311e-06	9.3649271265483334e-09
1.3091444969177246e+04	1.6908458971151200e-06	7.7264392877738555e-09
1.4135718345642090e+04	1.4246554686776381e-06	6.1190355991088409e-09
1.5263438224792480e+04	1.2198591231290349e-06	5.0821743108202426e-09
1.6481161117553711e+04	1.0539472050718049e-06	4.2345686766573604e-09
1.7795920372009277e+04	8.8725329662032177e-07	3.3880393387983628e-09
1.9215583801269531e+04	7.5928221394581693e-07	2.8236045243808237e-09
2.0748496055603027e+04	6.4356669156734876e-07	2.2982408150129769e-09
2.2403717041015625e+04	5.5200274990210860e-07	1.9075223152721235e-09
2.4191021919250488e+04	4.7359909928532031e-07	1.5781943454711134e-09
2.6120781898498535e+04	4.0502508650617327e-07	1.3147353943737854e-09
2.8204560279846191e+04	3.4280874776950084e-07	1.0579472583700553e-09
3.0454635620117188e+04	2.9058479874511232e-07	8.6770878196100053e-10
3.2884120941162109e+04	2.4963998071918522e-07	7.0286085197289127e-10
3.5507440567016602e+04	2.1207559008055471e-07	5.8664711212593853e-10
3.8340091705322266e+04	1.8009995283573407e-07	4.7242050069574809e-10
4.1398644447326660e+04	1.5519705567657548e-07	1.1051406222249258e-09
4.4701218605041504e+04	1.3040719812199325e-07	3.1577806495626798e-10
4.8267364501953125e+04	1.1041429641944074e-07	2.5782805716521225e-10
5.2117824554443359e+04	9.3943046569155310e-08	2.1215199936382953e-10
5.6275486946105957e+04	8.0187985076026635e-08	1.7541743075777564e-10
6.0764908790588379e+04	6.8048289797870829e-08	1.4171151209829125e-10
6.5612435340881348e+04	5.7821194955552301e-08	1.1660025276171992e-10
7.0846676826477051e+04	4.9062221533162778e-08	9.4911076143676658e-11
7.6498508453369141e+04	4.1846323409345669e-08	1.4279484343519385e-10
8.2601189613342285e+04	3.6476171633849796e-08	3.2431335674340721e-10
8.9190721511840820e+04	3.0084555016151021e-08	5.1919881072094667e-11
9.6305966377258301e+04	2.5533958755245164e-08	4.2828843436518079e-11
1.0398876667022705e+05	2.1735851207738257e-08	3.4696041642013915e-11
1.1228442192077637e+05	1.8497733265283098e-08	2.8540066424696070e-11
1.2124192714691162e+05	1.5726445512293194e-08	2.3408895612355169e-11
1.3091409206390381e+05	1.3445566396235649e-08	2.2525327375691791e-11
1.4135777950286865e+05	1.1418686102955035e-08	1.5638625135450226e-11
1.5263462066650391e+05	9.7499110966225581e-09	1.2857584265949492e-11
1.6481113433837891e+05	8.3774362830227958e-09	1.2995236260151770e-11
1.7795896530151367e+05	7.1334001454343661e-09	8.7037298163827733e-12
1.9215559959411621e+05	6.1540589451555876e-09	7.2547625417420915e-12
2.0748484134674072e+05	5.3001930744718512e-09	6.0223006988793123e-12
2.2403705120086670e+05	4.5834483472670021e-09	4.9670706406507505e-12
2.4190962314605713e+05	4.0017545762919899e-09	4.1806802155418776e-12
2.6120793819427490e+05	3.5062892186965331e-09	3.5584817083731844e-12
2.8204584121704102e+05	3.0952240519152793e-09	3.0668104930848729e-12
3.0454611778259277e+05	2.7547529396718431e-09	2.5654434513712797e-12
3.2884132862091064e+05	2.4914107899833453e-09	4.8724797420381977e-12
3.5507464408874512e+05	2.2472562543883764e-09	1.9341865582776851e-12
3.8340079784393311e+05	2.0632370866413912e-09	1.7009653683230782e-12
4.1398668289184570e+05	1.9330438242257666e-09	1.5452675437030566e-12
4.4701254367828369e+05	1.8404416769212269e-09	1.3987249070328918e-12
4.8207950592041016e+05	1.8013193625457211e-09	1.9256992841736407e-12
