x		y		e
4.9999999999999998e-07	4.0499236635933113e+08	2.2236273392648688e+08
1.9999999999999999e-06	3.4911655098422304e+07	0.0000000000000000e+00
3.0000000000000001e-06	2.9267349166504692e+07	0.0000000000000000e+00
3.9999999999999998e-06	1.7107274315911993e+07	0.0000000000000000e+00
4.9999999999999996e-06	1.2459791234646669e+07	0.0000000000000000e+00
6.0000000000000002e-06	9.4869874779379275e+06	0.0000000000000000e+00
6.9999999999999999e-06	7.3642151117722578e+06	0.0000000000000000e+00
7.9999999999999996e-06	5.8788629525243314e+06	0.0000000000000000e+00
9.0000000000000002e-06	4.9934988413904086e+06	0.0000000000000000e+00
9.9999999999999991e-06	3.8737625040995511e+06	0.0000000000000000e+00
1.1000000000000000e-05	3.5696815440720906e+06	0.0000000000000000e+00
1.2000000000000000e-05	2.7652232615940082e+06	0.0000000000000000e+00
1.2999999999999999e-05	2.7345188164461488e+06	0.0000000000000000e+00
1.4000000000000000e-05	2.3665525864350158e+06	0.0000000000000000e+00
1.4999999999999999e-05	2.0820829388801805e+06	0.0000000000000000e+00
1.6500000000000001e-05	1.6709555253250031e+06	9.2807072730678250e+04
1.8000000000000000e-05	1.2334952236212250e+06	0.0000000000000000e+00
1.8999999999999998e-05	1.3815418011366404e+06	0.0000000000000000e+00
2.0499999999999997e-05	1.0709147272516515e+06	8.6666133637430074e+04
2.2499999999999998e-05	7.5359808750460972e+05	2.7449135965432124e+04
2.4499999999999999e-05	6.2721975942938135e+05	8.3866406021984949e+04
2.6500000000000000e-05	5.6637985768252553e+05	7.7984380423768453e+04
2.8500000000000002e-05	3.8887690372959338e+05	1.0643798188748039e+05
3.0499999999999999e-05	9.5446644834313542e+04	3.1399271320794465e+04
3.2999999999999996e-05	1.3395827246102344e+05	7.3840818959306591e+04
3.5499999999999996e-05	-1.0427716038611514e+04	3.2284211802622897e+05
3.7999999999999995e-05	-9.7783641216039119e+04	5.6619167535958259e+04
4.0999999999999994e-05	2.1367247829334810e+04	7.3749780745653567e+04
4.4500000000000004e-05	-2.4289391905845408e+05	4.4668778685028330e+04
4.8500000000000000e-05	-1.5562597404911942e+05	9.4662626760095358e+04
5.2500000000000002e-05	-2.5697091805385900e+05	4.0195599867699479e+04
5.6499999999999998e-05	-3.0260013849893375e+05	4.3567155064312705e+04
6.0999999999999999e-05	-3.3331159010288568e+05	4.6271696303176352e+04
6.6000000000000005e-05	-3.7257959838585602e+05	3.1079006467259882e+04
7.0999999999999991e-05	-4.5801352567040344e+05	4.8875899637137823e+04
7.6500000000000003e-05	-3.7338950681976584e+05	1.9284619737815923e+04
8.2500000000000000e-05	-4.2744668137732404e+05	6.2739578224068486e+04
8.8999999999999995e-05	-3.8821072501292109e+05	3.3432716514205982e+04
9.5999999999999989e-05	-5.0350313999547495e+05	2.2658422236590581e+04
1.0349999999999999e-04	-5.3793405600520619e+05	2.0374228396702842e+04
1.1199999999999997e-04	-5.5449060037651518e+05	1.8160162688110340e+04
1.2099999999999999e-04	-4.5710410290190415e+05	1.9661046600111949e+04
1.3050000000000000e-04	-6.3600612198282941e+05	2.2690244736209588e+04
1.4100000000000001e-04	-5.5097952846713073e+05	2.4218133061342905e+04
1.5249999999999999e-04	-5.2880493098696729e+05	3.1088308290925892e+04
1.6500000000000003e-04	-5.2716852049454662e+05	3.4553525818214577e+04
1.7800000000000002e-04	-5.8869619838620175e+05	2.5324100100049247e+04
1.9200000000000000e-04	-5.4148113320120389e+05	3.6784602651702269e+04
2.0750000000000000e-04	-5.8782068313367700e+05	2.1949221959127834e+04
2.2400000000000000e-04	-6.1676805324348633e+05	2.5483468153709095e+04
2.4200000000000003e-04	-5.7215129997468938e+05	3.4792625425266291e+04
2.6150000000000001e-04	-4.8126429785723647e+05	2.7164492869946131e+04
2.8200000000000002e-04	-5.7393151305033953e+05	2.4228991527651524e+04
3.0450000000000003e-04	-4.7935491880604037e+05	2.6206238277717352e+04
3.2899999999999992e-04	-5.0991662992208579e+05	2.3444063233185512e+04
3.5500000000000001e-04	-4.3363109331664018e+05	1.4967741779135093e+04
3.8350000000000000e-04	-4.8143543887094758e+05	1.6854643710641802e+04
4.1399999999999998e-04	-5.1416329069549043e+05	1.5150675299210090e+04
4.4699999999999997e-04	-4.7787171268708748e+05	2.1822841800742066e+04
4.8299999999999992e-04	-4.8615288637879310e+05	2.2035654877287168e+04
5.2150000000000005e-04	-3.9827045227839943e+05	1.6873796692749776e+04
5.6300000000000002e-04	-4.1439772788588877e+05	1.6622107577625942e+04
6.0749999999999997e-04	-3.5793982777499611e+05	1.1538499307697612e+04
6.5600000000000001e-04	-3.3018916532218311e+05	1.7756129586220897e+04
7.0849999999999982e-04	-3.3554765947550267e+05	1.4665780339045150e+04
7.6500000000000005e-04	-3.1370031401161721e+05	1.1963094828946532e+04
8.2599999999999969e-04	-3.3114643891033437e+05	1.2137227765194801e+04
8.9200000000000011e-04	-2.9522262420544185e+05	1.1984215239774494e+04
9.6299999999999966e-04	-2.7784540212086571e+05	1.3295416113962758e+04
1.0394999999999998e-03	-2.9762250747677882e+05	1.3865785637544925e+04
1.1225000000000000e-03	-2.2063629731769930e+05	8.9457232087160064e+03
1.2120000000000000e-03	-2.1165272534576518e+05	1.0533030585744234e+04
1.3090000000000003e-03	-1.8374651022721632e+05	1.0172260752873803e+04
1.4134999999999998e-03	-1.5472138818320414e+05	9.2628561532915646e+03
1.5259999999999998e-03	-1.4406229498299508e+05	9.4121864821970503e+03
1.6480000000000006e-03	-1.0271980230306301e+05	9.3235939077860439e+03
1.7795000000000005e-03	-1.2495422578716563e+05	8.3407809773350036e+03
1.9215000000000002e-03	-1.0957256532594100e+05	7.4562977773807088e+03
2.0749999999999996e-03	-8.6446766844124635e+04	8.0882419297754868e+03
2.2404999999999999e-03	-7.2325124794163057e+04	7.2723084279183640e+03
2.4190000000000001e-03	-6.4090245883077536e+04	7.2036716756414908e+03
2.6119999999999997e-03	-5.1667541347006700e+04	6.9352092624843735e+03
2.8204999999999997e-03	-3.0084222253650336e+04	7.0359523425488132e+03
3.0455000000000000e-03	-2.2807852531107230e+04	5.7676788590726919e+03
3.2885000000000002e-03	-1.8395593035666916e+04	6.6764360393063716e+03
3.5504999999999998e-03	-2.4502420972983709e+04	5.6470574720748273e+03
3.8339999999999997e-03	-1.4954384323950273e+04	5.2350556948370531e+03
4.1399999999999996e-03	-1.0834388977558188e+04	5.1097095621285080e+03
4.4700000000000000e-03	-6.7951400746325828e+02	5.1838984081860735e+03
4.8205000000000019e-03	-6.0110498227000853e+03	5.5383645889255240e+03
