x		y		e
4.9999999999999998e-07	6.4487221553225567e-04	6.4487221553225567e-04
1.9999999999999999e-06	3.3927679994611775e-03	0.0000000000000000e+00
3.0000000000000001e-06	5.6371154853407292e-03	0.0000000000000000e+00
3.9999999999999998e-06	8.0056366267790557e-03	0.0000000000000000e+00
4.9999999999999996e-06	1.0447473819729835e-02	0.0000000000000000e+00
6.0000000000000002e-06	1.2941968384243481e-02	0.0000000000000000e+00
6.9999999999999999e-06	1.5476978286772077e-02	0.0000000000000000e+00
7.9999999999999996e-06	1.8043498180576958e-02	0.0000000000000000e+00
9.0000000000000002e-06	2.0635668166973067e-02	0.0000000000000000e+00
9.9999999999999991e-06	2.3248503702702143e-02	0.0000000000000000e+00
1.1000000000000000e-05	2.5878015355314716e-02	0.0000000000000000e+00
1.2000000000000000e-05	2.8522193883748163e-02	0.0000000000000000e+00
1.2999999999999999e-05	3.1179214134580295e-02	0.0000000000000000e+00
1.4000000000000000e-05	3.3847313778986594e-02	0.0000000000000000e+00
1.4999999999999999e-05	3.6524378349376649e-02	0.0000000000000000e+00
1.6500000000000001e-05	4.0555314006778587e-02	1.3459505257537065e-03
1.8000000000000000e-05	4.4599415907111903e-02	0.0000000000000000e+00
1.8999999999999998e-05	4.7302669145744866e-02	0.0000000000000000e+00
2.0499999999999997e-05	5.1366139775371723e-02	1.3558021838611318e-03
2.2499999999999998e-05	5.6795828310617080e-02	1.3589391675237819e-03
2.4499999999999999e-05	6.2235972873213564e-02	1.3609420295684087e-03
2.6500000000000000e-05	6.7682948298231155e-02	1.3625126995255878e-03
2.8500000000000002e-05	7.3135613764861829e-02	1.3639100147016471e-03
3.0499999999999999e-05	7.8593477935231582e-02	1.3647283795217503e-03
3.2999999999999996e-05	8.5417412873576473e-02	1.5761694882268482e-03
3.5499999999999996e-05	9.2242705190883845e-02	1.3647624845848012e-03
3.7999999999999995e-05	9.9067843084103699e-02	1.5761116086974055e-03
4.0999999999999994e-05	1.0725267246430618e-01	1.5740996997814988e-03
4.4500000000000004e-05	1.1678669680537300e-01	1.7571127450591855e-03
4.8500000000000000e-05	1.2766627003919290e-01	1.7541616337029304e-03
5.2500000000000002e-05	1.3852421952893657e-01	1.7499759447593272e-03
5.6499999999999998e-05	1.4935319772409211e-01	1.7451044301103212e-03
6.0999999999999999e-05	1.6149865724967616e-01	1.9054569541044571e-03
6.6000000000000005e-05	1.7494810667720828e-01	1.8988161854705163e-03
7.0999999999999991e-05	1.8835092683678739e-01	1.8922238463906283e-03
7.6500000000000003e-05	2.0303948704635819e-01	2.0359578301333428e-03
8.2500000000000000e-05	2.1899759893366441e-01	2.0261397823704186e-03
8.8999999999999995e-05	2.3618776004343059e-01	2.1529254497967220e-03
9.5999999999999989e-05	2.5458460871059801e-01	2.1387795934881184e-03
1.0349999999999999e-04	2.7415100593926034e-01	2.2504098563883111e-03
1.1199999999999997e-04	2.9613644519801458e-01	2.3518375462973683e-03
1.2099999999999999e-04	3.1923252727791646e-01	2.3324044681091770e-03
1.3050000000000000e-04	3.4338739301695342e-01	2.4234747316850603e-03
1.4100000000000001e-04	3.6983673413233009e-01	2.5067798433293241e-03
1.5249999999999999e-04	3.9848432658689709e-01	2.5767718044251652e-03
1.6500000000000003e-04	4.2920550308772809e-01	2.6361850998717655e-03
1.7800000000000002e-04	4.6072057392719989e-01	2.5999558568796481e-03
1.9200000000000000e-04	4.9413149715271559e-01	2.7337535222903956e-03
2.0750000000000000e-04	5.3053509844387559e-01	2.7728391850533720e-03
2.2400000000000000e-04	5.6858944825200064e-01	2.7966425194310136e-03
2.4200000000000003e-04	6.0928668722770918e-01	2.8899509619091635e-03
2.6150000000000001e-04	6.5242726932506778e-01	2.8916112042708742e-03
2.8200000000000002e-04	6.9668340581439048e-01	2.8892735748844902e-03
3.0450000000000003e-04	7.4410047554814496e-01	3.0050688096186664e-03
3.2899999999999992e-04	7.9434824174818941e-01	2.9720092200027489e-03
3.5500000000000001e-04	8.4598379735401019e-01	2.9887248369402319e-03
3.8350000000000000e-04	9.0085367871058042e-01	3.0447348644413895e-03
4.1399999999999998e-04	9.5758733961436482e-01	2.9859363571212174e-03
4.4699999999999997e-04	1.0166514825545894e+00	3.0357042345475621e-03
4.8299999999999992e-04	1.0783355410945052e+00	2.9841627002493293e-03
5.2150000000000005e-04	1.1414170063110856e+00	2.9600761750861217e-03
5.6300000000000002e-04	1.2061290166614547e+00	2.9100038772578306e-03
6.0749999999999997e-04	1.2718553619089590e+00	2.8436426008963890e-03
6.5600000000000001e-04	1.3394783227231823e+00	2.8171828491456315e-03
7.0849999999999982e-04	1.4083002387569830e+00	2.7227134255090216e-03
7.6500000000000005e-04	1.4774765620437234e+00	2.6383212148622429e-03
8.2599999999999969e-04	1.5469442126946451e+00	2.5445875837190801e-03
8.9200000000000011e-04	1.6169925486921648e+00	2.4679319232447645e-03
9.6299999999999966e-04	1.6863109872011808e+00	2.3138284545810061e-03
1.0394999999999998e-03	1.7539017536241353e+00	2.1798703568529075e-03
1.1225000000000000e-03	1.8198976068852941e+00	2.0259265469033680e-03
1.2120000000000000e-03	1.8833278781172460e+00	1.8785327267641207e-03
1.3090000000000003e-03	1.9440889315489536e+00	1.7092969905654952e-03
1.4134999999999998e-03	2.0012523467581587e+00	1.5356094196436311e-03
1.5259999999999998e-03	2.0544352717184937e+00	1.3758204950313666e-03
1.6480000000000006e-03	2.1044390795788757e+00	1.2544706313161644e-03
1.7795000000000005e-03	2.1516805107904342e+00	1.1252057596386280e-03
1.9215000000000002e-03	2.1947649821776385e+00	9.7753286448814332e-04
2.0749999999999996e-03	2.2335963500286029e+00	8.3401101155352285e-04
2.2404999999999999e-03	2.2672018305009729e+00	6.8691538962148207e-04
2.4190000000000001e-03	2.2959179698717338e+00	5.5168637777940619e-04
2.6119999999999997e-03	2.3193960293134626e+00	4.2813877913408781e-04
2.8204999999999997e-03	2.3394687117568376e+00	3.8631745210983374e-04
3.0455000000000000e-03	2.3582108367959371e+00	3.2051204861249485e-04
3.2885000000000002e-03	2.3720202204940732e+00	2.1513427870133698e-04
3.5504999999999998e-03	2.3817356876676019e+00	1.3143738702713420e-04
3.8339999999999997e-03	2.3896197568017707e+00	1.3160479266756061e-04
4.1399999999999996e-03	2.3979422904808678e+00	1.5623034217939215e-04
4.4700000000000000e-03	2.4063254086708730e+00	8.7671469800203373e-05
4.8205000000000019e-03	2.4097402037300815e+00	5.9702071650348339e-05
